episode;step;epsilon;potential_wind#0;action_wind#0;power_wind#0;idx_wind#0;potential_battery#0;action_battery#0;power_battery#0;idx_battery#0;soc_battery#0;soc_idx_battery#0;potential_grid#0;action_grid#0;power_grid#0;idx_grid#0;env_price;env_price_idx;env_renewable_potential;env_renewable_potential_idx;env_total_renewable;env_total_renewable_idx;env_total_power;env_total_power_idx;env_demand_power;env_demand_power_idx;env_grid_power;env_grid_power_idx;env_energy_balance;env_energy_balance_idx;env_delta_power_idx;reward_wind#0;reward_battery#0;reward_grid#0;env_delta_ph;env_delta_ph_norm;env_delta_ph_idx
265;-1;0,000000;;;0,000000;1;;;0,000000;2;1,000000;2;;;0,000000;1;0,000000;0;0,000000;0;0,000000;0;0,000000;0;0,000000;0;0,000000;0;0,000000;0;surplus;0,000000;0,000000;0,000000;;;
265;0;0,468938;156,249000;0,000000;0,000000;1;0,000000;0,000000;0,000000;2;1,000000;2;196,000000;0,000000;0,000000;0;1,000000;0;156,249000;1;0,000000;0;0,000000;0;196,000000;1;0,000000;0;-196,000000;0;;1,000000;1,000000;-0,250000;-39,751000;-0,000133;0,000000
265;1;0,468938;174,999000;0,000000;0,000000;1;0,000000;1,000000;0,000000;2;1,000000;2;199,390000;1,000000;199,390000;1;1,000000;0;174,999000;1;0,000000;0;199,390000;1;199,390000;1;199,390000;1;0,000000;0;;1,000000;-1,000000;-1,000000;-24,391000;-0,000081;0,000000
265;2;0,468938;193,749000;0,000000;0,000000;1;0,000000;0,000000;0,000000;2;1,000000;2;200,000000;0,000000;0,000000;0;1,000000;0;193,749000;1;0,000000;0;0,000000;0;200,000000;1;0,000000;0;-200,000000;0;;1,000000;1,000000;-0,250000;-6,251000;-0,000021;0,000000
265;3;0,468938;81,249000;0,000000;0,000000;1;0,000000;0,000000;0,000000;2;1,000000;2;221,560000;1,000000;221,560000;1;1,000000;0;81,249000;1;0,000000;0;221,560000;1;221,560000;1;221,560000;1;0,000000;0;;1,000000;1,000000;-0,250000;-140,311000;-0,000468;0,000000
265;4;0,468938;184,014000;0,000000;0,000000;1;0,000000;0,000000;0,000000;2;1,000000;2;220,000000;0,000000;0,000000;0;1,000000;0;184,014000;1;0,000000;0;0,000000;0;220,000000;1;0,000000;0;-220,000000;0;;1,000000;1,000000;-0,250000;-35,986000;-0,000120;0,000000
265;5;0,468938;286,185000;1,000000;286,185000;1;0,000000;2,000000;0,000000;2;1,000000;2;0,000000;0,000000;0,000000;0;1,000000;0;371,685000;1;286,185000;1;286,185000;1;240,320000;1;0,000000;0;45,865000;1;;1,000000;-1,000000;1,000000;131,365000;0,000438;0,000000
265;6;0,468938;287,499000;0,000000;0,000000;1;0,000000;0,000000;0,000000;2;1,000000;2;232,880000;0,000000;0,000000;0;1,000000;0;458,499000;1;0,000000;0;0,000000;0;232,880000;1;0,000000;0;-232,880000;0;;1,000000;1,000000;-0,250000;225,619000;0,000752;0,000000
265;7;0,468938;314,211000;1,000000;314,211000;1;0,000000;0,000000;0,000000;2;1,000000;2;0,000000;0,000000;0,000000;0;1,000000;0;521,211000;1;314,211000;1;314,211000;1;231,730000;1;0,000000;0;82,481000;1;;1,000000;1,000000;-0,250000;289,481000;0,000965;0,000000
265;8;0,468938;313,224000;1,000000;313,224000;1;0,000000;0,000000;0,000000;2;1,000000;2;0,000000;0,000000;0,000000;0;1,000000;0;619,224000;1;313,224000;1;313,224000;1;236,590000;1;0,000000;0;76,634000;1;;1,000000;1,000000;-0,250000;382,634000;0,001275;0,000000
265;9;0,468938;365,658000;1,000000;365,658000;1;0,000000;0,000000;0,000000;2;1,000000;2;0,000000;0,000000;0,000000;0;1,000000;0;784,158000;1;365,658000;1;365,658000;1;255,330000;1;0,000000;0;110,328000;1;;1,000000;1,000000;-0,250000;528,828000;0,001763;0,000000
265;10;0,468938;389,475000;0,000000;0,000000;1;0,000000;0,000000;0,000000;2;1,000000;2;266,530000;0,000000;0,000000;0;1,000000;0;839,475000;1;0,000000;0;0,000000;0;266,530000;1;0,000000;0;-266,530000;0;;1,000000;1,000000;-0,250000;572,945000;0,001910;0,000000
265;11;0,468938;398,223000;0,000000;0,000000;1;0,000000;0,000000;0,000000;2;1,000000;2;283,090000;0,000000;0,000000;0;1,000000;0;848,223000;1;0,000000;0;0,000000;0;283,090000;1;0,000000;0;-283,090000;0;;1,000000;1,000000;-0,250000;565,133000;0,001884;0,000000
265;12;0,468938;416,712000;0,000000;0,000000;1;0,000000;1,000000;0,000000;2;1,000000;2;276,000000;0,000000;0,000000;0;1,000000;0;866,712000;1;0,000000;0;0,000000;0;276,000000;1;0,000000;0;-276,000000;0;;1,000000;-1,000000;1,000000;590,712000;0,001969;0,000000
265;13;0,468938;450,000000;0,000000;0,000000;1;0,000000;0,000000;0,000000;2;1,000000;2;284,000000;0,000000;0,000000;0;1,000000;0;850,500000;1;0,000000;0;0,000000;0;284,000000;1;0,000000;0;-284,000000;0;;1,000000;1,000000;-0,250000;566,500000;0,001888;0,000000
265;14;0,468938;440,922000;0,000000;0,000000;1;0,000000;0,000000;0,000000;2;1,000000;2;280,970000;0,000000;0,000000;0;1,000000;0;733,422000;1;0,000000;0;0,000000;0;280,970000;1;0,000000;0;-280,970000;0;;1,000000;1,000000;-0,250000;452,452000;0,001508;0,000000
265;15;0,468938;381,249000;1,000000;381,249000;1;0,000000;0,000000;0,000000;2;1,000000;2;0,000000;0,000000;0,000000;0;1,000000;0;565,749000;1;381,249000;1;381,249000;1;276,950000;1;0,000000;0;104,299000;1;;1,000000;1,000000;-0,250000;288,799000;0,000963;0,000000
265;16;0,468938;340,395000;0,000000;0,000000;1;0,000000;0,000000;0,000000;2;1,000000;2;260,000000;0,000000;0,000000;0;1,000000;0;479,895000;1;0,000000;0;0,000000;0;260,000000;1;0,000000;0;-260,000000;0;;1,000000;1,000000;-0,250000;219,895000;0,000733;0,000000
265;17;0,468938;227,433000;0,000000;0,000000;1;0,000000;1,000000;0,000000;2;1,000000;2;283,240000;0,000000;0,000000;0;1,000000;0;227,433000;1;0,000000;0;0,000000;0;283,240000;1;0,000000;0;-283,240000;0;;1,000000;-1,000000;1,000000;-55,807000;-0,000186;0,000000
265;18;0,468938;319,080000;0,000000;0,000000;1;0,000000;0,000000;0,000000;2;1,000000;2;300,000000;1,000000;300,000000;1;1,000000;0;319,080000;1;0,000000;0;300,000000;1;300,000000;1;300,000000;1;0,000000;0;;1,000000;1,000000;-0,250000;19,080000;0,000064;0,000000
265;19;0,468938;277,500000;0,000000;0,000000;1;0,000000;1,000000;0,000000;2;1,000000;2;300,000000;0,000000;0,000000;0;1,000000;0;277,500000;1;0,000000;0;0,000000;0;300,000000;1;0,000000;0;-300,000000;0;;1,000000;-1,000000;1,000000;-22,500000;-0,000075;0,000000
265;20;0,468938;187,500000;0,000000;0,000000;1;300,000000;2,000000;300,000000;1;0,992898;1;0,000000;1,000000;0,000000;0;1,000000;0;187,500000;1;0,000000;0;300,000000;1;300,000000;1;0,000000;0;0,000000;0;;1,000000;-1,000000;-1,000000;-112,500000;-0,000375;0,000000
265;21;0,468938;119,868000;0,000000;0,000000;1;0,000000;0,000000;0,000000;1;0,992898;1;300,000000;1,000000;300,000000;1;1,000000;0;119,868000;1;0,000000;0;300,000000;1;300,000000;1;300,000000;1;0,000000;0;;1,000000;1,000000;-0,250000;-180,132000;-0,000600;0,000000
265;22;0,468938;188,355000;0,000000;0,000000;1;0,000000;0,000000;0,000000;1;0,992898;1;300,000000;0,000000;0,000000;0;1,000000;0;188,355000;1;0,000000;0;0,000000;0;300,000000;1;0,000000;0;-300,000000;0;;1,000000;1,000000;-0,250000;-111,645000;-0,000372;0,000000
265;23;0,468938;150,264000;0,000000;0,000000;1;0,000000;0,000000;0,000000;1;0,992898;1;283,350000;1,000000;283,350000;1;1,000000;0;150,264000;1;0,000000;0;283,350000;1;283,350000;1;283,350000;1;0,000000;0;;1,000000;1,000000;-0,250000;-133,086000;-0,000444;0,000000
265;24;0,468938;139,407000;0,000000;0,000000;1;0,000000;0,000000;0,000000;1;0,992898;1;226,650000;1,000000;226,650000;1;1,000000;0;139,407000;1;0,000000;0;226,650000;1;226,650000;1;226,650000;1;0,000000;0;;1,000000;1,000000;-0,250000;-87,243000;-0,000291;0,000000
265;25;0,468938;193,749000;1,000000;193,749000;1;0,000000;0,000000;0,000000;1;0,992898;1;28,671000;0,000000;0,000000;0;1,000000;0;193,749000;1;193,749000;1;193,749000;1;222,420000;1;0,000000;0;-28,671000;0;;1,000000;1,000000;-0,250000;-28,671000;-0,000096;0,000000
265;26;0,468938;240,591000;0,000000;0,000000;1;0,000000;0,000000;0,000000;1;0,992898;1;208,170000;1,000000;208,170000;1;1,000000;0;240,591000;1;0,000000;0;208,170000;1;208,170000;1;208,170000;1;0,000000;0;;1,000000;1,000000;-0,250000;32,421000;0,000108;0,000000
265;27;0,468938;287,499000;1,000000;287,499000;1;0,000000;0,000000;0,000000;1;0,992898;1;0,000000;0,000000;0,000000;0;1,000000;0;287,499000;1;287,499000;1;287,499000;1;224,000000;1;0,000000;0;63,499000;1;;1,000000;1,000000;-0,250000;63,499000;0,000212;0,000000
265;28;0,468938;108,552000;0,000000;0,000000;1;0,000000;0,000000;0,000000;1;0,992898;1;223,030000;0,000000;0,000000;0;1,000000;0;108,552000;1;0,000000;0;0,000000;0;223,030000;1;0,000000;0;-223,030000;0;;1,000000;1,000000;-0,250000;-114,478000;-0,000382;0,000000
265;29;0,468938;245,592000;0,000000;0,000000;1;0,000000;0,000000;0,000000;1;0,992898;1;240,570000;0,000000;0,000000;0;1,000000;0;349,092000;1;0,000000;0;0,000000;0;240,570000;1;0,000000;0;-240,570000;0;;1,000000;1,000000;-0,250000;108,522000;0,000362;0,000000
265;30;0,468938;93,750000;0,000000;0,000000;1;0,000000;0,000000;0,000000;1;0,992898;1;244,000000;0,000000;0,000000;0;1,000000;0;269,250000;1;0,000000;0;0,000000;0;244,000000;1;0,000000;0;-244,000000;0;;1,000000;1,000000;-0,250000;25,250000;0,000084;0,000000
265;31;0,468938;312,501000;1,000000;312,501000;1;0,000000;0,000000;0,000000;1;0,992898;1;0,000000;0,000000;0,000000;0;1,000000;0;537,501000;1;312,501000;1;312,501000;1;240,000000;1;0,000000;0;72,501000;1;;1,000000;1,000000;-0,250000;297,501000;0,000992;0,000000
265;32;0,468938;374,079000;0,000000;0,000000;1;0,000000;0,000000;0,000000;1;0,992898;1;238,360000;0,000000;0,000000;0;1,000000;0;702,579000;1;0,000000;0;0,000000;0;238,360000;1;0,000000;0;-238,360000;0;;1,000000;1,000000;-0,250000;464,219000;0,001547;0,000000
265;33;0,468938;375,000000;0,000000;0,000000;1;0,000000;0,000000;0,000000;1;0,992898;1;258,720000;1,000000;258,720000;1;1,000000;0;825,000000;1;0,000000;0;258,720000;1;258,720000;1;258,720000;1;0,000000;0;;1,000000;1,000000;-0,250000;566,280000;0,001888;0,000000
265;34;0,468938;379,737000;0,000000;0,000000;1;0,000000;0,000000;0,000000;1;0,992898;1;284,000000;0,000000;0,000000;0;1,000000;0;829,737000;1;0,000000;0;0,000000;0;284,000000;1;0,000000;0;-284,000000;0;;1,000000;1,000000;-0,250000;545,737000;0,001819;0,000000
265;35;0,468938;362,172000;0,000000;0,000000;1;0,000000;0,000000;0,000000;1;0,992898;1;278,630000;0,000000;0,000000;0;1,000000;0;812,172000;1;0,000000;0;0,000000;0;278,630000;1;0,000000;0;-278,630000;0;;1,000000;1,000000;-0,250000;533,542000;0,001778;0,000000
265;36;0,468938;350,001000;0,000000;0,000000;1;0,000000;0,000000;0,000000;1;0,992898;1;284,000000;0,000000;0,000000;0;1,000000;0;800,001000;1;0,000000;0;0,000000;0;284,000000;1;0,000000;0;-284,000000;0;;1,000000;1,000000;-0,250000;516,001000;0,001720;0,000000
265;37;0,468938;343,749000;0,000000;0,000000;1;0,000000;1,000000;0,000000;1;0,992898;1;284,000000;0,000000;0,000000;0;1,000000;0;753,249000;1;0,000000;0;0,000000;0;284,000000;1;0,000000;0;-284,000000;0;;1,000000;-1,000000;1,000000;469,249000;0,001564;0,000000
265;38;0,468938;335,001000;0,000000;0,000000;1;0,000000;0,000000;0,000000;1;0,992898;1;277,600000;0,000000;0,000000;0;1,000000;0;645,501000;1;0,000000;0;0,000000;0;277,600000;1;0,000000;0;-277,600000;0;;1,000000;1,000000;-0,250000;367,901000;0,001226;0,000000
265;39;0,468938;179,475000;0,000000;0,000000;1;0,000000;0,000000;0,000000;1;0,992898;1;264,000000;0,000000;0,000000;0;1,000000;0;404,475000;1;0,000000;0;0,000000;0;264,000000;1;0,000000;0;-264,000000;0;;1,000000;1,000000;-0,250000;140,475000;0,000468;0,000000
265;40;0,468938;450,000000;0,000000;0,000000;1;0,000000;0,000000;0,000000;1;0,992898;1;276,420000;0,000000;0,000000;0;1,000000;0;607,500000;1;0,000000;0;0,000000;0;276,420000;1;0,000000;0;-276,420000;0;;1,000000;1,000000;-0,250000;331,080000;0,001104;0,000000
265;41;0,468938;409,473000;0,000000;0,000000;1;280,990000;2,000000;280,990000;1;0,986246;1;0,000000;1,000000;0,000000;0;1,000000;0;409,473000;1;0,000000;0;280,990000;1;280,990000;1;0,000000;0;0,000000;0;;1,000000;-1,000000;-1,000000;128,483000;0,000428;0,000000
265;42;0,468938;381,249000;0,000000;0,000000;1;300,000000;2,000000;300,000000;1;0,979143;1;0,000000;0,000000;0,000000;0;1,000000;0;381,249000;1;0,000000;0;300,000000;1;300,000000;1;0,000000;0;0,000000;0;;1,000000;-1,000000;1,000000;81,249000;0,000271;0,000000
265;43;0,468938;123,420000;1,000000;123,420000;1;0,000000;0,000000;0,000000;1;0,979143;1;176,580000;0,000000;0,000000;0;1,000000;0;123,420000;1;123,420000;1;123,420000;1;300,000000;1;0,000000;0;-176,580000;0;;1,000000;1,000000;-0,250000;-176,580000;-0,000589;0,000000
265;44;0,468938;350,001000;0,000000;0,000000;1;0,000000;0,000000;0,000000;1;0,979143;1;300,000000;0,000000;0,000000;0;1,000000;0;350,001000;1;0,000000;0;0,000000;0;300,000000;1;0,000000;0;-300,000000;0;;1,000000;1,000000;-0,250000;50,001000;0,000167;0,000000
265;45;0,468938;318,750000;1,000000;318,750000;1;0,000000;0,000000;0,000000;1;0,979143;1;0,000000;0,000000;0,000000;0;1,000000;0;318,750000;1;318,750000;1;318,750000;1;300,000000;1;0,000000;0;18,750000;1;;1,000000;1,000000;-0,250000;18,750000;0,000063;0,000000
265;46;0,468938;283,815000;0,000000;0,000000;1;0,000000;0,000000;0,000000;1;0,979143;1;278,610000;0,000000;0,000000;0;1,000000;0;283,815000;1;0,000000;0;0,000000;0;278,610000;1;0,000000;0;-278,610000;0;;1,000000;1,000000;-0,250000;5,205000;0,000017;0,000000
265;47;0,468938;188,025000;0,000000;0,000000;1;255,540000;2,000000;255,540000;1;0,973094;1;0,000000;1,000000;0,000000;0;1,000000;0;188,025000;1;0,000000;0;255,540000;1;255,540000;1;0,000000;0;0,000000;0;;1,000000;-1,000000;-1,000000;-67,515000;-0,000225;0,000000
265;48;0,468938;143,751000;0,000000;0,000000;1;0,000000;0,000000;0,000000;1;0,973094;1;240,000000;0,000000;0,000000;0;1,000000;0;143,751000;1;0,000000;0;0,000000;0;240,000000;1;0,000000;0;-240,000000;0;;1,000000;1,000000;-0,250000;-96,249000;-0,000321;0,000000
265;49;0,468938;121,842000;0,000000;0,000000;1;0,000000;0,000000;0,000000;1;0,973094;1;233,920000;0,000000;0,000000;0;1,000000;0;121,842000;1;0,000000;0;0,000000;0;233,920000;1;0,000000;0;-233,920000;0;;1,000000;1,000000;-0,250000;-112,078000;-0,000374;0,000000
265;50;0,468938;24,999000;1,000000;24,999000;1;0,000000;0,000000;0,000000;1;0,973094;1;175,001000;1,000000;175,001000;1;1,000000;0;24,999000;1;24,999000;1;200,000000;1;200,000000;1;175,001000;1;0,000000;0;;1,000000;1,000000;-0,250000;-175,001000;-0,000583;0,000000
265;51;0,468938;24,999000;0,000000;0,000000;1;0,000000;1,000000;0,000000;1;0,973094;1;224,000000;0,000000;0,000000;0;1,000000;0;24,999000;1;0,000000;0;0,000000;0;224,000000;1;0,000000;0;-224,000000;0;;1,000000;-1,000000;1,000000;-199,001000;-0,000663;0,000000
265;52;0,468938;24,999000;1,000000;24,999000;1;0,000000;0,000000;0,000000;1;0,973094;1;207,511000;0,000000;0,000000;0;1,000000;0;24,999000;1;24,999000;1;24,999000;1;232,510000;1;0,000000;0;-207,511000;0;;1,000000;1,000000;-0,250000;-207,511000;-0,000692;0,000000
265;53;0,468938;38,421000;0,000000;0,000000;1;0,000000;0,000000;0,000000;1;0,973094;1;262,550000;0,000000;0,000000;0;1,000000;0;56,421000;1;0,000000;0;0,000000;0;262,550000;1;0,000000;0;-262,550000;0;;1,000000;1,000000;-0,250000;-206,129000;-0,000687;0,000000
265;54;0,468938;137,895000;1,000000;137,895000;1;0,000000;0,000000;0,000000;1;0,973094;1;134,145000;0,000000;0,000000;0;1,000000;0;173,895000;1;137,895000;1;137,895000;1;272,040000;1;0,000000;0;-134,145000;0;;1,000000;1,000000;-0,250000;-98,145000;-0,000327;0,000000
265;55;0,468938;156,249000;0,000000;0,000000;1;0,000000;1,000000;0,000000;1;0,973094;1;276,000000;1,000000;276,000000;1;1,000000;0;205,749000;1;0,000000;0;276,000000;1;276,000000;1;276,000000;1;0,000000;0;;1,000000;-1,000000;-1,000000;-70,251000;-0,000234;0,000000
265;56;0,468938;188,685000;1,000000;188,685000;1;0,000000;0,000000;0,000000;1;0,973094;1;111,315000;0,000000;0,000000;0;1,000000;0;251,685000;1;188,685000;1;188,685000;1;300,000000;1;0,000000;0;-111,315000;0;;1,000000;1,000000;-0,250000;-48,315000;-0,000161;0,000000
265;57;0,468938;163,749000;0,000000;0,000000;1;0,000000;0,000000;0,000000;1;0,973094;1;300,000000;1,000000;300,000000;1;1,000000;0;249,249000;1;0,000000;0;300,000000;1;300,000000;1;300,000000;1;0,000000;0;;1,000000;1,000000;-0,250000;-50,751000;-0,000169;0,000000
265;58;0,468938;153,684000;0,000000;0,000000;1;0,000000;0,000000;0,000000;1;0,973094;1;292,000000;1,000000;292,000000;1;1,000000;0;275,184000;1;0,000000;0;292,000000;1;292,000000;1;292,000000;1;0,000000;0;;1,000000;1,000000;-0,250000;-16,816000;-0,000056;0,000000
265;59;0,468938;62,238000;0,000000;0,000000;1;300,000000;2,000000;300,000000;1;0,965991;1;0,000000;0,000000;0,000000;0;1,000000;0;219,738000;1;0,000000;0;300,000000;1;300,000000;1;0,000000;0;0,000000;0;;1,000000;-1,000000;1,000000;-80,262000;-0,000268;0,000000
265;60;0,468938;24,999000;0,000000;0,000000;1;0,000000;0,000000;0,000000;1;0,965991;1;300,000000;1,000000;300,000000;1;1,000000;0;128,499000;1;0,000000;0;300,000000;1;300,000000;1;300,000000;1;0,000000;0;;1,000000;1,000000;-0,250000;-171,501000;-0,000572;0,000000
265;61;0,468938;24,999000;0,000000;0,000000;1;0,000000;0,000000;0,000000;1;0,965991;1;300,000000;0,000000;0,000000;0;1,000000;0;101,499000;1;0,000000;0;0,000000;0;300,000000;1;0,000000;0;-300,000000;0;;1,000000;1,000000;-0,250000;-198,501000;-0,000662;0,000000
265;62;0,468938;24,999000;0,000000;0,000000;1;0,000000;0,000000;0,000000;1;0,965991;1;300,000000;0,000000;0,000000;0;1,000000;0;65,499000;1;0,000000;0;0,000000;0;300,000000;1;0,000000;0;-300,000000;0;;1,000000;1,000000;-0,250000;-234,501000;-0,000782;0,000000
265;63;0,468938;24,999000;0,000000;0,000000;1;0,000000;1,000000;0,000000;1;0,965991;1;293,640000;0,000000;0,000000;0;1,000000;0;56,499000;1;0,000000;0;0,000000;0;293,640000;1;0,000000;0;-293,640000;0;;1,000000;-1,000000;1,000000;-237,141000;-0,000790;0,000000
265;64;0,468938;218,751000;1,000000;218,751000;1;0,000000;0,000000;0,000000;1;0,965991;1;59,609000;1,000000;59,609000;1;1,000000;0;241,251000;1;218,751000;1;278,360000;1;278,360000;1;59,609000;1;0,000000;0;;1,000000;1,000000;-0,250000;-37,109000;-0,000124;0,000000
265;65;0,468938;220,725000;0,000000;0,000000;1;0,000000;0,000000;0,000000;1;0,965991;1;283,790000;0,000000;0,000000;0;1,000000;0;220,725000;1;0,000000;0;0,000000;0;283,790000;1;0,000000;0;-283,790000;0;;1,000000;1,000000;-0,250000;-63,065000;-0,000210;0,000000
265;66;0,468938;193,749000;0,000000;0,000000;1;0,000000;0,000000;0,000000;1;0,965991;1;292,000000;1,000000;292,000000;1;1,000000;0;193,749000;1;0,000000;0;292,000000;1;292,000000;1;292,000000;1;0,000000;0;;1,000000;1,000000;-0,250000;-98,251000;-0,000328;0,000000
265;67;0,468938;76,185000;0,000000;0,000000;1;0,000000;0,000000;0,000000;1;0,965991;1;300,000000;0,000000;0,000000;0;1,000000;0;76,185000;1;0,000000;0;0,000000;0;300,000000;1;0,000000;0;-300,000000;0;;1,000000;1,000000;-0,250000;-223,815000;-0,000746;0,000000
265;68;0,468938;24,999000;0,000000;0,000000;1;300,000000;2,000000;300,000000;1;0,958889;1;0,000000;1,000000;0,000000;0;1,000000;0;24,999000;1;0,000000;0;300,000000;1;300,000000;1;0,000000;0;0,000000;0;;1,000000;-1,000000;-1,000000;-275,001000;-0,000917;0,000000
265;69;0,468938;24,999000;0,000000;0,000000;1;300,000000;2,000000;300,000000;1;0,951787;1;0,000000;0,000000;0,000000;0;1,000000;0;24,999000;1;0,000000;0;300,000000;1;300,000000;1;0,000000;0;0,000000;0;;1,000000;-1,000000;1,000000;-275,001000;-0,000917;0,000000
265;70;0,468938;24,999000;0,000000;0,000000;1;0,000000;1,000000;0,000000;1;0,951787;1;300,000000;0,000000;0,000000;0;1,000000;0;24,999000;1;0,000000;0;0,000000;0;300,000000;1;0,000000;0;-300,000000;0;;1,000000;-1,000000;1,000000;-275,001000;-0,000917;0,000000
265;71;0,468938;24,999000;1,000000;24,999000;1;0,000000;0,000000;0,000000;1;0,951787;1;255,651000;1,000000;255,651000;1;1,000000;0;24,999000;1;24,999000;1;280,650000;1;280,650000;1;255,651000;1;0,000000;0;;1,000000;1,000000;-0,250000;-255,651000;-0,000852;0,000000
265;72;0,468938;24,999000;0,000000;0,000000;1;0,000000;0,000000;0,000000;1;0,951787;1;236,040000;0,000000;0,000000;0;1,000000;0;24,999000;1;0,000000;0;0,000000;0;236,040000;1;0,000000;0;-236,040000;0;;1,000000;1,000000;-0,250000;-211,041000;-0,000703;0,000000
265;73;0,468938;24,999000;0,000000;0,000000;1;0,000000;1,000000;0,000000;1;0,951787;1;220,190000;0,000000;0,000000;0;1,000000;0;24,999000;1;0,000000;0;0,000000;0;220,190000;1;0,000000;0;-220,190000;0;;1,000000;-1,000000;1,000000;-195,191000;-0,000651;0,000000
265;74;0,468938;24,999000;1,000000;24,999000;1;186,371000;2,000000;186,371000;1;0,947375;1;0,000000;0,000000;0,000000;0;1,000000;0;24,999000;1;24,999000;1;211,370000;1;211,370000;1;0,000000;0;0,000000;0;;1,000000;-1,000000;1,000000;-186,371000;-0,000621;0,000000
265;75;0,468938;81,249000;0,000000;0,000000;1;0,000000;0,000000;0,000000;1;0,947375;1;240,000000;0,000000;0,000000;0;1,000000;0;81,249000;1;0,000000;0;0,000000;0;240,000000;1;0,000000;0;-240,000000;0;;1,000000;1,000000;-0,250000;-158,751000;-0,000529;0,000000
265;76;0,468938;193,749000;0,000000;0,000000;1;240,800000;2,000000;240,800000;1;0,941674;1;0,000000;1,000000;0,000000;0;1,000000;0;193,749000;1;0,000000;0;240,800000;1;240,800000;1;0,000000;0;0,000000;0;;1,000000;-1,000000;-1,000000;-47,051000;-0,000157;0,000000
265;77;0,468938;175,197000;0,000000;0,000000;1;0,000000;0,000000;0,000000;1;0,941674;1;259,330000;0,000000;0,000000;0;1,000000;0;175,197000;1;0,000000;0;0,000000;0;259,330000;1;0,000000;0;-259,330000;0;;1,000000;1,000000;-0,250000;-84,133000;-0,000280;0,000000
265;78;0,468938;182,106000;0,000000;0,000000;1;272,250000;2,000000;272,250000;1;0,935228;1;0,000000;0,000000;0,000000;0;1,000000;0;195,606000;1;0,000000;0;272,250000;1;272,250000;1;0,000000;0;0,000000;0;;1,000000;-1,000000;1,000000;-76,644000;-0,000255;0,000000
265;79;0,468938;151,446000;0,000000;0,000000;1;0,000000;1,000000;0,000000;1;0,935228;1;280,000000;1,000000;280,000000;1;1,000000;0;173,946000;1;0,000000;0;280,000000;1;280,000000;1;280,000000;1;0,000000;0;;1,000000;-1,000000;-1,000000;-106,054000;-0,000354;0,000000
265;80;0,468938;144,738000;0,000000;0,000000;1;0,000000;0,000000;0,000000;1;0,935228;1;300,000000;1,000000;300,000000;1;1,000000;0;185,238000;1;0,000000;0;300,000000;1;300,000000;1;300,000000;1;0,000000;0;;1,000000;1,000000;-0,250000;-114,762000;-0,000383;0,000000
265;81;0,468938;35,262000;1,000000;35,262000;1;0,000000;0,000000;0,000000;1;0,935228;1;264,258000;0,000000;0,000000;0;1,000000;0;107,262000;1;35,262000;1;35,262000;1;299,520000;1;0,000000;0;-264,258000;0;;1,000000;1,000000;-0,250000;-192,258000;-0,000641;0,000000
265;82;0,468938;24,999000;0,000000;0,000000;1;0,000000;0,000000;0,000000;1;0,935228;1;300,000000;0,000000;0,000000;0;1,000000;0;114,999000;1;0,000000;0;0,000000;0;300,000000;1;0,000000;0;-300,000000;0;;1,000000;1,000000;-0,250000;-185,001000;-0,000617;0,000000
265;83;0,468938;24,999000;0,000000;0,000000;1;0,000000;0,000000;0,000000;1;0,935228;1;300,000000;0,000000;0,000000;0;1,000000;0;137,499000;1;0,000000;0;0,000000;0;300,000000;1;0,000000;0;-300,000000;0;;1,000000;1,000000;-0,250000;-162,501000;-0,000542;0,000000
265;84;0,468938;24,999000;0,000000;0,000000;1;0,000000;0,000000;0,000000;1;0,935228;1;300,000000;0,000000;0,000000;0;1,000000;0;92,499000;1;0,000000;0;0,000000;0;300,000000;1;0,000000;0;-300,000000;0;;1,000000;1,000000;-0,250000;-207,501000;-0,000692;0,000000
265;85;0,468938;86,514000;1,000000;86,514000;1;0,000000;1,000000;0,000000;1;0,935228;1;213,486000;0,000000;0,000000;0;1,000000;0;127,014000;1;86,514000;1;86,514000;1;300,000000;1;0,000000;0;-213,486000;0;;1,000000;-1,000000;1,000000;-172,986000;-0,000577;0,000000
265;86;0,468938;156,249000;0,000000;0,000000;1;300,000000;2,000000;300,000000;1;0,928126;1;0,000000;0,000000;0,000000;0;1,000000;0;178,749000;1;0,000000;0;300,000000;1;300,000000;1;0,000000;0;0,000000;0;;1,000000;-1,000000;1,000000;-121,251000;-0,000404;0,000000
265;87;0,468938;150,000000;1,000000;150,000000;1;0,000000;0,000000;0,000000;1;0,928126;1;150,000000;0,000000;0,000000;0;1,000000;0;163,500000;1;150,000000;1;150,000000;1;300,000000;1;0,000000;0;-150,000000;0;;1,000000;1,000000;-0,250000;-136,500000;-0,000455;0,000000
265;88;0,468938;270,987000;0,000000;0,000000;1;0,000000;0,000000;0,000000;1;0,928126;1;294,690000;0,000000;0,000000;0;1,000000;0;279,987000;1;0,000000;0;0,000000;0;294,690000;1;0,000000;0;-294,690000;0;;1,000000;1,000000;-0,250000;-14,703000;-0,000049;0,000000
265;89;0,468938;236,973000;0,000000;0,000000;1;0,000000;1,000000;0,000000;1;0,928126;1;300,000000;0,000000;0,000000;0;1,000000;0;236,973000;1;0,000000;0;0,000000;0;300,000000;1;0,000000;0;-300,000000;0;;1,000000;-1,000000;1,000000;-63,027000;-0,000210;0,000000
265;90;0,468938;161,514000;0,000000;0,000000;1;0,000000;0,000000;0,000000;1;0,928126;1;300,000000;1,000000;300,000000;1;1,000000;0;161,514000;1;0,000000;0;300,000000;1;300,000000;1;300,000000;1;0,000000;0;;1,000000;1,000000;-0,250000;-138,486000;-0,000462;0,000000
265;91;0,468938;287,499000;1,000000;287,499000;1;0,000000;0,000000;0,000000;1;0,928126;1;12,501000;0,000000;0,000000;0;1,000000;0;287,499000;1;287,499000;1;287,499000;1;300,000000;1;0,000000;0;-12,501000;0;;1,000000;1,000000;-0,250000;-12,501000;-0,000042;0,000000
265;92;0,468938;234,210000;0,000000;0,000000;1;0,000000;0,000000;0,000000;1;0,928126;1;300,000000;0,000000;0,000000;0;1,000000;0;234,210000;1;0,000000;0;0,000000;0;300,000000;1;0,000000;0;-300,000000;0;;1,000000;1,000000;-0,250000;-65,790000;-0,000219;0,000000
265;93;0,468938;24,999000;0,000000;0,000000;1;0,000000;0,000000;0,000000;1;0,928126;1;300,000000;1,000000;300,000000;1;1,000000;0;24,999000;1;0,000000;0;300,000000;1;300,000000;1;300,000000;1;0,000000;0;;1,000000;1,000000;-0,250000;-275,001000;-0,000917;0,000000
265;94;0,468938;24,999000;0,000000;0,000000;1;0,000000;1,000000;0,000000;1;0,928126;1;299,540000;0,000000;0,000000;0;1,000000;0;24,999000;1;0,000000;0;0,000000;0;299,540000;1;0,000000;0;-299,540000;0;;1,000000;-1,000000;1,000000;-274,541000;-0,000915;0,000000
265;95;0,468938;24,999000;0,000000;0,000000;1;0,000000;0,000000;0,000000;1;0,928126;1;280,000000;1,000000;280,000000;1;1,000000;0;24,999000;1;0,000000;0;280,000000;1;280,000000;1;280,000000;1;0,000000;0;;1,000000;1,000000;-0,250000;-255,001000;-0,000850;0,000000
265;96;0,468938;24,999000;0,000000;0,000000;1;0,000000;0,000000;0,000000;1;0,928126;1;233,390000;0,000000;0,000000;0;1,000000;0;24,999000;1;0,000000;0;0,000000;0;233,390000;1;0,000000;0;-233,390000;0;;1,000000;1,000000;-0,250000;-208,391000;-0,000695;0,000000
265;97;0,468938;24,999000;0,000000;0,000000;1;0,000000;0,000000;0,000000;1;0,928126;1;224,000000;0,000000;0,000000;0;1,000000;0;24,999000;1;0,000000;0;0,000000;0;224,000000;1;0,000000;0;-224,000000;0;;1,000000;1,000000;-0,250000;-199,001000;-0,000663;0,000000
265;98;0,468938;24,999000;1,000000;24,999000;1;0,000000;0,000000;0,000000;1;0,928126;1;192,391000;0,000000;0,000000;0;1,000000;0;24,999000;1;24,999000;1;24,999000;1;217,390000;1;0,000000;0;-192,391000;0;;1,000000;1,000000;-0,250000;-192,391000;-0,000641;0,000000
265;99;0,468938;24,999000;1,000000;24,999000;1;0,000000;0,000000;0,000000;1;0,928126;1;219,001000;0,000000;0,000000;0;1,000000;0;24,999000;1;24,999000;1;24,999000;1;244,000000;1;0,000000;0;-219,001000;0;;1,000000;1,000000;-0,250000;-219,001000;-0,000730;0,000000
265;100;0,468938;24,999000;0,000000;0,000000;1;240,000000;2,000000;240,000000;1;0,922444;1;0,000000;0,000000;0,000000;0;1,000000;0;24,999000;1;0,000000;0;240,000000;1;240,000000;1;0,000000;0;0,000000;0;;1,000000;-1,000000;1,000000;-215,001000;-0,000717;0,000000
265;101;0,468938;24,999000;0,000000;0,000000;1;0,000000;0,000000;0,000000;1;0,922444;1;240,780000;1,000000;240,780000;1;1,000000;0;24,999000;1;0,000000;0;240,780000;1;240,780000;1;240,780000;1;0,000000;0;;1,000000;1,000000;-0,250000;-215,781000;-0,000719;0,000000
265;102;0,468938;24,999000;0,000000;0,000000;1;0,000000;0,000000;0,000000;1;0,922444;1;260,000000;1,000000;260,000000;1;1,000000;0;24,999000;1;0,000000;0;260,000000;1;260,000000;1;260,000000;1;0,000000;0;;1,000000;1,000000;-0,250000;-235,001000;-0,000783;0,000000
265;103;0,468938;24,999000;0,000000;0,000000;1;0,000000;0,000000;0,000000;1;0,922444;1;270,290000;0,000000;0,000000;0;1,000000;0;51,999000;1;0,000000;0;0,000000;0;270,290000;1;0,000000;0;-270,290000;0;;1,000000;1,000000;-0,250000;-218,291000;-0,000728;0,000000
265;104;0,468938;24,999000;0,000000;0,000000;1;0,000000;0,000000;0,000000;1;0,922444;1;276,170000;0,000000;0,000000;0;1,000000;0;87,999000;1;0,000000;0;0,000000;0;276,170000;1;0,000000;0;-276,170000;0;;1,000000;1,000000;-0,250000;-188,171000;-0,000627;0,000000
265;105;0,468938;24,999000;0,000000;0,000000;1;0,000000;1,000000;0,000000;1;0,922444;1;297,260000;0,000000;0,000000;0;1,000000;0;123,999000;1;0,000000;0;0,000000;0;297,260000;1;0,000000;0;-297,260000;0;;1,000000;-1,000000;1,000000;-173,261000;-0,000578;0,000000
265;106;0,468938;24,999000;0,000000;0,000000;1;0,000000;0,000000;0,000000;1;0,922444;1;300,000000;0,000000;0,000000;0;1,000000;0;141,999000;1;0,000000;0;0,000000;0;300,000000;1;0,000000;0;-300,000000;0;;1,000000;1,000000;-0,250000;-158,001000;-0,000527;0,000000
265;107;0,468938;24,999000;1,000000;24,999000;1;0,000000;0,000000;0,000000;1;0,922444;1;275,001000;0,000000;0,000000;0;1,000000;0;87,999000;1;24,999000;1;24,999000;1;300,000000;1;0,000000;0;-275,001000;0;;1,000000;1,000000;-0,250000;-212,001000;-0,000707;0,000000
265;108;0,468938;24,999000;0,000000;0,000000;1;0,000000;0,000000;0,000000;1;0,922444;1;300,000000;0,000000;0,000000;0;1,000000;0;69,999000;1;0,000000;0;0,000000;0;300,000000;1;0,000000;0;-300,000000;0;;1,000000;1,000000;-0,250000;-230,001000;-0,000767;0,000000
265;109;0,468938;24,999000;1,000000;24,999000;1;0,000000;1,000000;0,000000;1;0,922444;1;247,001000;0,000000;0,000000;0;1,000000;0;56,499000;1;24,999000;1;24,999000;1;272,000000;1;0,000000;0;-247,001000;0;;1,000000;-1,000000;1,000000;-215,501000;-0,000718;0,000000
265;110;0,468938;24,999000;0,000000;0,000000;1;0,000000;0,000000;0,000000;1;0,922444;1;264,000000;0,000000;0,000000;0;1,000000;0;24,999000;1;0,000000;0;0,000000;0;264,000000;1;0,000000;0;-264,000000;0;;1,000000;1,000000;-0,250000;-239,001000;-0,000797;0,000000
265;111;0,468938;24,999000;1,000000;24,999000;1;0,000000;0,000000;0,000000;1;0,922444;1;239,001000;0,000000;0,000000;0;1,000000;0;24,999000;1;24,999000;1;24,999000;1;264,000000;1;0,000000;0;-239,001000;0;;1,000000;1,000000;-0,250000;-239,001000;-0,000797;0,000000
265;112;0,468938;24,999000;0,000000;0,000000;1;0,000000;0,000000;0,000000;1;0,922444;1;284,000000;0,000000;0,000000;0;1,000000;0;24,999000;1;0,000000;0;0,000000;0;284,000000;1;0,000000;0;-284,000000;0;;1,000000;1,000000;-0,250000;-259,001000;-0,000863;0,000000
265;113;0,468938;24,999000;0,000000;0,000000;1;295,010000;2,000000;295,010000;1;0,915460;1;0,000000;0,000000;0,000000;0;1,000000;0;24,999000;1;0,000000;0;295,010000;1;295,010000;1;0,000000;0;0,000000;0;;1,000000;-1,000000;1,000000;-270,011000;-0,000900;0,000000
265;114;0,468938;24,999000;0,000000;0,000000;1;0,000000;0,000000;0,000000;1;0,915460;1;300,000000;0,000000;0,000000;0;1,000000;0;24,999000;1;0,000000;0;0,000000;0;300,000000;1;0,000000;0;-300,000000;0;;1,000000;1,000000;-0,250000;-275,001000;-0,000917;0,000000
265;115;0,468938;24,999000;0,000000;0,000000;1;0,000000;1,000000;0,000000;1;0,915460;1;300,000000;1,000000;300,000000;1;1,000000;0;24,999000;1;0,000000;0;300,000000;1;300,000000;1;300,000000;1;0,000000;0;;1,000000;-1,000000;-1,000000;-275,001000;-0,000917;0,000000
265;116;0,468938;24,999000;0,000000;0,000000;1;0,000000;0,000000;0,000000;1;0,915460;1;300,000000;0,000000;0,000000;0;1,000000;0;24,999000;1;0,000000;0;0,000000;0;300,000000;1;0,000000;0;-300,000000;0;;1,000000;1,000000;-0,250000;-275,001000;-0,000917;0,000000
265;117;0,468938;24,999000;0,000000;0,000000;1;0,000000;0,000000;0,000000;1;0,915460;1;283,430000;0,000000;0,000000;0;1,000000;0;24,999000;1;0,000000;0;0,000000;0;283,430000;1;0,000000;0;-283,430000;0;;1,000000;1,000000;-0,250000;-258,431000;-0,000861;0,000000
265;118;0,468938;24,999000;1,000000;24,999000;1;0,000000;0,000000;0,000000;1;0,915460;1;234,961000;0,000000;0,000000;0;1,000000;0;24,999000;1;24,999000;1;24,999000;1;259,960000;1;0,000000;0;-234,961000;0;;1,000000;1,000000;-0,250000;-234,961000;-0,000783;0,000000
265;119;0,468938;24,999000;0,000000;0,000000;1;0,000000;1,000000;0,000000;1;0,915460;1;227,350000;0,000000;0,000000;0;1,000000;0;24,999000;1;0,000000;0;0,000000;0;227,350000;1;0,000000;0;-227,350000;0;;1,000000;-1,000000;1,000000;-202,351000;-0,000675;0,000000
265;120;0,468938;24,999000;0,000000;0,000000;1;0,000000;0,000000;0,000000;1;0,915460;1;223,160000;0,000000;0,000000;0;1,000000;0;24,999000;1;0,000000;0;0,000000;0;223,160000;1;0,000000;0;-223,160000;0;;1,000000;1,000000;-0,250000;-198,161000;-0,000661;0,000000
265;121;0,468938;24,999000;0,000000;0,000000;1;0,000000;1,000000;0,000000;1;0,915460;1;216,080000;1,000000;216,080000;1;1,000000;0;24,999000;1;0,000000;0;216,080000;1;216,080000;1;216,080000;1;0,000000;0;;1,000000;-1,000000;-1,000000;-191,081000;-0,000637;0,000000
265;122;0,468938;24,999000;0,000000;0,000000;1;0,000000;0,000000;0,000000;1;0,915460;1;220,000000;1,000000;220,000000;1;1,000000;0;24,999000;1;0,000000;0;220,000000;1;220,000000;1;220,000000;1;0,000000;0;;1,000000;1,000000;-0,250000;-195,001000;-0,000650;0,000000
265;123;0,468938;24,999000;0,000000;0,000000;1;220,000000;2,000000;220,000000;1;0,910252;1;0,000000;0,000000;0,000000;0;1,000000;0;24,999000;1;0,000000;0;220,000000;1;220,000000;1;0,000000;0;0,000000;0;;1,000000;-1,000000;1,000000;-195,001000;-0,000650;0,000000
265;124;0,468938;24,999000;0,000000;0,000000;1;0,000000;1,000000;0,000000;1;0,910252;1;244,000000;0,000000;0,000000;0;1,000000;0;24,999000;1;0,000000;0;0,000000;0;244,000000;1;0,000000;0;-244,000000;0;;1,000000;-1,000000;1,000000;-219,001000;-0,000730;0,000000
265;125;0,468938;24,999000;0,000000;0,000000;1;0,000000;0,000000;0,000000;1;0,910252;1;263,680000;1,000000;263,680000;1;1,000000;0;24,999000;1;0,000000;0;263,680000;1;263,680000;1;263,680000;1;0,000000;0;;1,000000;1,000000;-0,250000;-238,681000;-0,000796;0,000000
265;126;0,468938;24,999000;0,000000;0,000000;1;0,000000;0,000000;0,000000;1;0,910252;1;262,360000;0,000000;0,000000;0;1,000000;0;24,999000;1;0,000000;0;0,000000;0;262,360000;1;0,000000;0;-262,360000;0;;1,000000;1,000000;-0,250000;-237,361000;-0,000791;0,000000
265;127;0,468938;24,999000;1,000000;24,999000;1;251,001000;2,000000;251,001000;1;0,904310;1;0,000000;0,000000;0,000000;0;1,000000;0;56,499000;1;24,999000;1;276,000000;1;276,000000;1;0,000000;0;0,000000;0;;1,000000;-1,000000;1,000000;-219,501000;-0,000732;0,000000
265;128;0,468938;24,999000;1,000000;24,999000;1;0,000000;0,000000;0,000000;1;0,904310;1;275,001000;0,000000;0,000000;0;1,000000;0;123,999000;1;24,999000;1;24,999000;1;300,000000;1;0,000000;0;-275,001000;0;;1,000000;1,000000;-0,250000;-176,001000;-0,000587;0,000000
265;129;0,468938;24,999000;0,000000;0,000000;1;300,000000;2,000000;300,000000;1;0,897207;1;0,000000;0,000000;0,000000;0;1,000000;0;173,499000;1;0,000000;0;300,000000;1;300,000000;1;0,000000;0;0,000000;0;;1,000000;-1,000000;1,000000;-126,501000;-0,000422;0,000000
265;130;0,468938;24,999000;0,000000;0,000000;1;0,000000;0,000000;0,000000;1;0,897207;1;300,000000;0,000000;0,000000;0;1,000000;0;200,499000;1;0,000000;0;0,000000;0;300,000000;1;0,000000;0;-300,000000;0;;1,000000;1,000000;-0,250000;-99,501000;-0,000332;0,000000
265;131;0,468938;24,999000;0,000000;0,000000;1;0,000000;0,000000;0,000000;1;0,897207;1;300,000000;0,000000;0,000000;0;1,000000;0;110,499000;1;0,000000;0;0,000000;0;300,000000;1;0,000000;0;-300,000000;0;;1,000000;1,000000;-0,250000;-189,501000;-0,000632;0,000000
265;132;0,468938;24,999000;1,000000;24,999000;1;0,000000;0,000000;0,000000;1;0,897207;1;275,001000;0,000000;0,000000;0;1,000000;0;83,499000;1;24,999000;1;24,999000;1;300,000000;1;0,000000;0;-275,001000;0;;1,000000;1,000000;-0,250000;-216,501000;-0,000722;0,000000
265;133;0,468938;24,999000;1,000000;24,999000;1;0,000000;1,000000;0,000000;1;0,897207;1;257,801000;0,000000;0,000000;0;1,000000;0;60,999000;1;24,999000;1;24,999000;1;282,800000;1;0,000000;0;-257,801000;0;;1,000000;-1,000000;1,000000;-221,801000;-0,000739;0,000000
265;134;0,468938;65,526000;0,000000;0,000000;1;0,000000;1,000000;0,000000;1;0,897207;1;271,620000;0,000000;0,000000;0;1,000000;0;65,526000;1;0,000000;0;0,000000;0;271,620000;1;0,000000;0;-271,620000;0;;1,000000;-1,000000;1,000000;-206,094000;-0,000687;0,000000
265;135;0,468938;188,487000;0,000000;0,000000;1;282,420000;2,000000;282,420000;1;0,890521;1;0,000000;1,000000;0,000000;0;1,000000;0;188,487000;1;0,000000;0;282,420000;1;282,420000;1;0,000000;0;0,000000;0;;1,000000;-1,000000;-1,000000;-93,933000;-0,000313;0,000000
265;136;0,468938;192,762000;0,000000;0,000000;1;0,000000;1,000000;0,000000;1;0,890521;1;282,990000;0,000000;0,000000;0;1,000000;0;192,762000;1;0,000000;0;0,000000;0;282,990000;1;0,000000;0;-282,990000;0;;1,000000;-1,000000;1,000000;-90,228000;-0,000301;0,000000
265;137;0,468938;218,751000;1,000000;218,751000;1;0,000000;0,000000;0,000000;1;0,890521;1;81,249000;1,000000;81,249000;1;1,000000;0;218,751000;1;218,751000;1;300,000000;1;300,000000;1;81,249000;1;0,000000;0;;1,000000;1,000000;-0,250000;-81,249000;-0,000271;0,000000
265;138;0,468938;206,250000;0,000000;0,000000;1;0,000000;0,000000;0,000000;1;0,890521;1;300,000000;0,000000;0,000000;0;1,000000;0;206,250000;1;0,000000;0;0,000000;0;300,000000;1;0,000000;0;-300,000000;0;;1,000000;1,000000;-0,250000;-93,750000;-0,000313;0,000000
265;139;0,468938;193,749000;0,000000;0,000000;1;0,000000;0,000000;0,000000;1;0,890521;1;300,000000;0,000000;0,000000;0;1,000000;0;193,749000;1;0,000000;0;0,000000;0;300,000000;1;0,000000;0;-300,000000;0;;1,000000;1,000000;-0,250000;-106,251000;-0,000354;0,000000
265;140;0,468938;74,013000;0,000000;0,000000;1;0,000000;0,000000;0,000000;1;0,890521;1;299,160000;1,000000;299,160000;1;1,000000;0;74,013000;1;0,000000;0;299,160000;1;299,160000;1;299,160000;1;0,000000;0;;1,000000;1,000000;-0,250000;-225,147000;-0,000750;0,000000
265;141;0,468938;24,999000;0,000000;0,000000;1;0,000000;1,000000;0,000000;1;0,890521;1;283,470000;0,000000;0,000000;0;1,000000;0;24,999000;1;0,000000;0;0,000000;0;283,470000;1;0,000000;0;-283,470000;0;;1,000000;-1,000000;1,000000;-258,471000;-0,000862;0,000000
265;142;0,468938;115,461000;1,000000;115,461000;1;0,000000;0,000000;0,000000;1;0,890521;1;122,689000;0,000000;0,000000;0;1,000000;0;115,461000;1;115,461000;1;115,461000;1;238,150000;1;0,000000;0;-122,689000;0;;1,000000;1,000000;-0,250000;-122,689000;-0,000409;0,000000
265;143;0,468938;318,750000;0,000000;0,000000;1;0,000000;1,000000;0,000000;1;0,890521;1;223,540000;0,000000;0,000000;0;1,000000;0;318,750000;1;0,000000;0;0,000000;0;223,540000;1;0,000000;0;-223,540000;0;;1,000000;-1,000000;1,000000;95,210000;0,000317;0,000000
265;144;0,468938;343,749000;0,000000;0,000000;1;0,000000;1,000000;0,000000;1;0,890521;1;220,000000;0,000000;0,000000;0;1,000000;0;343,749000;1;0,000000;0;0,000000;0;220,000000;1;0,000000;0;-220,000000;0;;1,000000;-1,000000;1,000000;123,749000;0,000412;0,000000
265;145;0,468938;346,710000;0,000000;0,000000;1;0,000000;0,000000;0,000000;1;0,890521;1;224,000000;0,000000;0,000000;0;1,000000;0;346,710000;1;0,000000;0;0,000000;0;224,000000;1;0,000000;0;-224,000000;0;;1,000000;1,000000;-0,250000;122,710000;0,000409;0,000000
265;146;0,468938;343,749000;1,000000;343,749000;1;0,000000;0,000000;0,000000;1;0,890521;1;0,000000;1,000000;0,000000;0;1,000000;0;343,749000;1;343,749000;1;343,749000;1;200,000000;1;0,000000;0;143,749000;1;;1,000000;1,000000;-0,250000;143,749000;0,000479;0,000000
265;147;0,468938;343,749000;0,000000;0,000000;1;0,000000;0,000000;0,000000;1;0,890521;1;196,000000;0,000000;0,000000;0;1,000000;0;343,749000;1;0,000000;0;0,000000;0;196,000000;1;0,000000;0;-196,000000;0;;1,000000;1,000000;-0,250000;147,749000;0,000492;0,000000
265;148;0,468938;316,512000;0,000000;0,000000;1;0,000000;0,000000;0,000000;1;0,890521;1;218,190000;1,000000;218,190000;1;1,000000;0;316,512000;1;0,000000;0;218,190000;1;218,190000;1;218,190000;1;0,000000;0;;1,000000;1,000000;-0,250000;98,322000;0,000328;0,000000
265;149;0,468938;281,448000;0,000000;0,000000;1;0,000000;0,000000;0,000000;1;0,890521;1;234,970000;0,000000;0,000000;0;1,000000;0;308,448000;1;0,000000;0;0,000000;0;234,970000;1;0,000000;0;-234,970000;0;;1,000000;1,000000;-0,250000;73,478000;0,000245;0,000000
265;150;0,468938;278,619000;0,000000;0,000000;1;0,000000;0,000000;0,000000;1;0,890521;1;254,530000;0,000000;0,000000;0;1,000000;0;350,619000;1;0,000000;0;0,000000;0;254,530000;1;0,000000;0;-254,530000;0;;1,000000;1,000000;-0,250000;96,089000;0,000320;0,000000
265;151;0,468938;272,304000;1,000000;272,304000;1;0,000000;0,000000;0,000000;1;0,890521;1;7,566000;1,000000;7,566000;1;1,000000;0;407,304000;1;272,304000;1;279,870000;1;279,870000;1;7,566000;1;0,000000;0;;1,000000;1,000000;-0,250000;127,434000;0,000425;0,000000
265;152;0,468938;41,250000;1,000000;41,250000;1;0,000000;1,000000;0,000000;1;0,890521;1;258,750000;0,000000;0,000000;0;1,000000;0;270,750000;1;41,250000;1;41,250000;1;300,000000;1;0,000000;0;-258,750000;0;;1,000000;-1,000000;1,000000;-29,250000;-0,000097;0,000000
265;153;0,468938;24,999000;0,000000;0,000000;1;300,000000;2,000000;300,000000;1;0,883419;1;0,000000;0,000000;0,000000;0;1,000000;0;420,999000;1;0,000000;0;300,000000;1;300,000000;1;0,000000;0;0,000000;0;;1,000000;-1,000000;1,000000;120,999000;0,000403;0,000000
265;154;0,468938;43,356000;0,000000;0,000000;1;0,000000;0,000000;0,000000;1;0,883419;1;300,000000;1,000000;300,000000;1;1,000000;0;466,356000;1;0,000000;0;300,000000;1;300,000000;1;300,000000;1;0,000000;0;;1,000000;1,000000;-0,250000;166,356000;0,000555;0,000000
265;155;0,468938;193,749000;0,000000;0,000000;1;300,000000;2,000000;300,000000;1;0,876317;1;0,000000;0,000000;0,000000;0;1,000000;0;445,749000;1;0,000000;0;300,000000;1;300,000000;1;0,000000;0;0,000000;0;;1,000000;-1,000000;1,000000;145,749000;0,000486;0,000000
265;156;0,468938;218,751000;0,000000;0,000000;1;0,000000;0,000000;0,000000;1;0,876317;1;300,000000;0,000000;0,000000;0;1,000000;0;389,751000;1;0,000000;0;0,000000;0;300,000000;1;0,000000;0;-300,000000;0;;1,000000;1,000000;-0,250000;89,751000;0,000299;0,000000
265;157;0,468938;187,500000;1,000000;187,500000;1;112,500000;2,000000;112,500000;1;0,873653;1;0,000000;0,000000;0,000000;0;1,000000;0;286,500000;1;187,500000;1;300,000000;1;300,000000;1;0,000000;0;0,000000;0;;1,000000;-1,000000;1,000000;-13,500000;-0,000045;0,000000
265;158;0,468938;144,672000;0,000000;0,000000;1;0,000000;0,000000;0,000000;1;0,873653;1;278,110000;0,000000;0,000000;0;1,000000;0;185,172000;1;0,000000;0;0,000000;0;278,110000;1;0,000000;0;-278,110000;0;;1,000000;1,000000;-0,250000;-92,938000;-0,000310;0,000000
265;159;0,468938;256,251000;1,000000;256,251000;1;0,000000;0,000000;0,000000;1;0,873653;1;3,749000;0,000000;0,000000;0;1,000000;0;278,751000;1;256,251000;1;256,251000;1;260,000000;1;0,000000;0;-3,749000;0;;1,000000;1,000000;-0,250000;18,751000;0,000063;0,000000
265;160;0,468938;279,276000;0,000000;0,000000;1;289,470000;2,000000;289,470000;1;0,866800;1;0,000000;0,000000;0,000000;0;1,000000;0;279,276000;1;0,000000;0;289,470000;1;289,470000;1;0,000000;0;0,000000;0;;1,000000;-1,000000;1,000000;-10,194000;-0,000034;0,000000
265;161;0,468938;337,500000;0,000000;0,000000;1;0,000000;0,000000;0,000000;1;0,866800;1;300,000000;0,000000;0,000000;0;1,000000;0;337,500000;1;0,000000;0;0,000000;0;300,000000;1;0,000000;0;-300,000000;0;;1,000000;1,000000;-0,250000;37,500000;0,000125;0,000000
265;162;0,468938;143,751000;0,000000;0,000000;1;0,000000;0,000000;0,000000;1;0,866800;1;300,000000;0,000000;0,000000;0;1,000000;0;143,751000;1;0,000000;0;0,000000;0;300,000000;1;0,000000;0;-300,000000;0;;1,000000;1,000000;-0,250000;-156,249000;-0,000521;0,000000
265;163;0,468938;337,302000;0,000000;0,000000;1;0,000000;0,000000;0,000000;1;0,866800;1;300,000000;0,000000;0,000000;0;1,000000;0;337,302000;1;0,000000;0;0,000000;0;300,000000;1;0,000000;0;-300,000000;0;;1,000000;1,000000;-0,250000;37,302000;0,000124;0,000000
265;164;0,468938;343,749000;0,000000;0,000000;1;0,000000;0,000000;0,000000;1;0,866800;1;299,960000;0,000000;0,000000;0;1,000000;0;343,749000;1;0,000000;0;0,000000;0;299,960000;1;0,000000;0;-299,960000;0;;1,000000;1,000000;-0,250000;43,789000;0,000146;0,000000
265;165;0,468938;334,539000;1,000000;334,539000;1;34,539000;1,000000;-34,539000;1;0,867618;1;0,000000;0,000000;0,000000;0;1,000000;0;334,539000;1;334,539000;1;334,539000;1;334,539000;1;0,000000;0;0,000000;0;;1,000000;-1,000000;1,000000;34,539000;0,000115;0,000000
265;166;0,468938;190,986000;1,000000;190,986000;1;57,894000;2,000000;57,894000;1;0,866247;1;0,000000;0,000000;0,000000;0;1,000000;0;190,986000;1;190,986000;1;248,880000;1;248,880000;1;0,000000;0;0,000000;0;;1,000000;-1,000000;1,000000;-57,894000;-0,000193;0,000000
265;167;0,468938;223,947000;1,000000;223,947000;1;0,000000;0,000000;0,000000;1;0,866247;1;40,053000;0,000000;0,000000;0;1,000000;0;223,947000;1;223,947000;1;223,947000;1;264,000000;1;0,000000;0;-40,053000;0;;1,000000;1,000000;-0,250000;-40,053000;-0,000134;0,000000
265;168;0,468938;162,501000;0,000000;0,000000;1;0,000000;0,000000;0,000000;1;0,866247;1;244,000000;0,000000;0,000000;0;1,000000;0;162,501000;1;0,000000;0;0,000000;0;244,000000;1;0,000000;0;-244,000000;0;;1,000000;1,000000;-0,250000;-81,499000;-0,000272;0,000000
265;169;0,468938;191,973000;0,000000;0,000000;1;0,000000;1,000000;0,000000;1;0,866247;1;196,270000;0,000000;0,000000;0;1,000000;0;191,973000;1;0,000000;0;0,000000;0;196,270000;1;0,000000;0;-196,270000;0;;1,000000;-1,000000;1,000000;-4,297000;-0,000014;0,000000
265;170;0,468938;136,185000;1,000000;136,185000;1;0,000000;0,000000;0,000000;1;0,866247;1;67,815000;0,000000;0,000000;0;1,000000;0;136,185000;1;136,185000;1;136,185000;1;204,000000;1;0,000000;0;-67,815000;0;;1,000000;1,000000;-0,250000;-67,815000;-0,000226;0,000000
265;171;0,468938;225,000000;0,000000;0,000000;1;0,000000;0,000000;0,000000;1;0,866247;1;200,000000;0,000000;0,000000;0;1,000000;0;225,000000;1;0,000000;0;0,000000;0;200,000000;1;0,000000;0;-200,000000;0;;1,000000;1,000000;-0,250000;25,000000;0,000083;0,000000
265;172;0,468938;224,802000;0,000000;0,000000;1;0,000000;0,000000;0,000000;1;0,866247;1;224,000000;0,000000;0,000000;0;1,000000;0;233,802000;1;0,000000;0;0,000000;0;224,000000;1;0,000000;0;-224,000000;0;;1,000000;1,000000;-0,250000;9,802000;0,000033;0,000000
265;173;0,468938;134,868000;0,000000;0,000000;1;0,000000;1,000000;0,000000;1;0,866247;1;264,000000;1,000000;264,000000;1;1,000000;0;202,368000;1;0,000000;0;264,000000;1;264,000000;1;264,000000;1;0,000000;0;;1,000000;-1,000000;-1,000000;-61,632000;-0,000205;0,000000
265;174;0,468938;24,999000;0,000000;0,000000;1;0,000000;0,000000;0,000000;1;0,866247;1;280,000000;0,000000;0,000000;0;1,000000;0;146,499000;1;0,000000;0;0,000000;0;280,000000;1;0,000000;0;-280,000000;0;;1,000000;1,000000;-0,250000;-133,501000;-0,000445;0,000000
265;175;0,468938;24,999000;1,000000;24,999000;1;0,000000;0,000000;0,000000;1;0,866247;1;258,051000;0,000000;0,000000;0;1,000000;0;276,999000;1;24,999000;1;24,999000;1;283,050000;1;0,000000;0;-258,051000;0;;1,000000;1,000000;-0,250000;-6,051000;-0,000020;0,000000
265;176;0,468938;51,645000;1,000000;51,645000;1;0,000000;0,000000;0,000000;1;0,866247;1;248,355000;1,000000;248,355000;1;1,000000;0;380,145000;1;51,645000;1;300,000000;1;300,000000;1;248,355000;1;0,000000;0;;1,000000;1,000000;-0,250000;80,145000;0,000267;0,000000
265;177;0,468938;287,499000;1,000000;287,499000;1;0,000000;0,000000;0,000000;1;0,866247;1;12,501000;1,000000;12,501000;1;1,000000;0;737,499000;1;287,499000;1;300,000000;1;300,000000;1;12,501000;1;0,000000;0;;1,000000;1,000000;-0,250000;437,499000;0,001458;0,000000
265;178;0,468938;239,670000;0,000000;0,000000;1;0,000000;0,000000;0,000000;1;0,866247;1;300,000000;0,000000;0,000000;0;1,000000;0;676,170000;1;0,000000;0;0,000000;0;300,000000;1;0,000000;0;-300,000000;0;;1,000000;1,000000;-0,250000;376,170000;0,001254;0,000000
265;179;0,468938;216,975000;0,000000;0,000000;1;0,000000;0,000000;0,000000;1;0,866247;1;300,000000;0,000000;0,000000;0;1,000000;0;509,475000;1;0,000000;0;0,000000;0;300,000000;1;0,000000;0;-300,000000;0;;1,000000;1,000000;-0,250000;209,475000;0,000698;0,000000
265;180;0,468938;308,883000;0,000000;0,000000;1;300,000000;2,000000;300,000000;1;0,859145;1;0,000000;0,000000;0,000000;0;1,000000;0;538,383000;1;0,000000;0;300,000000;1;300,000000;1;0,000000;0;0,000000;0;;1,000000;-1,000000;1,000000;238,383000;0,000795;0,000000
265;181;0,468938;312,501000;1,000000;312,501000;1;0,000000;2,000000;0,000000;1;0,859145;1;0,000000;0,000000;0,000000;0;1,000000;0;438,501000;1;312,501000;1;312,501000;1;282,170000;1;0,000000;0;30,331000;1;;1,000000;-1,000000;1,000000;156,331000;0,000521;0,000000
265;182;0,468938;342,303000;1,000000;342,303000;1;0,000000;0,000000;0,000000;1;0,859145;1;0,000000;0,000000;0,000000;0;1,000000;0;391,803000;1;342,303000;1;342,303000;1;280,290000;1;0,000000;0;62,013000;1;;1,000000;1,000000;-0,250000;111,513000;0,000372;0,000000
265;183;0,468938;331,251000;0,000000;0,000000;1;0,000000;0,000000;0,000000;1;0,859145;1;276,550000;0,000000;0,000000;0;1,000000;0;376,251000;1;0,000000;0;0,000000;0;276,550000;1;0,000000;0;-276,550000;0;;1,000000;1,000000;-0,250000;99,701000;0,000332;0,000000
265;184;0,468938;302,304000;0,000000;0,000000;1;0,000000;1,000000;0,000000;1;0,859145;1;300,000000;0,000000;0,000000;0;1,000000;0;302,304000;1;0,000000;0;0,000000;0;300,000000;1;0,000000;0;-300,000000;0;;1,000000;-1,000000;1,000000;2,304000;0,000008;0,000000
265;185;0,468938;263,157000;0,000000;0,000000;1;0,000000;0,000000;0,000000;1;0,859145;1;300,000000;1,000000;300,000000;1;1,000000;0;263,157000;1;0,000000;0;300,000000;1;300,000000;1;300,000000;1;0,000000;0;;1,000000;1,000000;-0,250000;-36,843000;-0,000123;0,000000
265;186;0,468938;253,488000;0,000000;0,000000;1;0,000000;0,000000;0,000000;1;0,859145;1;300,000000;0,000000;0,000000;0;1,000000;0;253,488000;1;0,000000;0;0,000000;0;300,000000;1;0,000000;0;-300,000000;0;;1,000000;1,000000;-0,250000;-46,512000;-0,000155;0,000000
265;187;0,468938;239,409000;0,000000;0,000000;1;0,000000;0,000000;0,000000;1;0,859145;1;300,000000;0,000000;0,000000;0;1,000000;0;239,409000;1;0,000000;0;0,000000;0;300,000000;1;0,000000;0;-300,000000;0;;1,000000;1,000000;-0,250000;-60,591000;-0,000202;0,000000
265;188;0,468938;187,500000;0,000000;0,000000;1;0,000000;0,000000;0,000000;1;0,859145;1;290,780000;0,000000;0,000000;0;1,000000;0;187,500000;1;0,000000;0;0,000000;0;290,780000;1;0,000000;0;-290,780000;0;;1,000000;1,000000;-0,250000;-103,280000;-0,000344;0,000000
265;189;0,468938;186,117000;0,000000;0,000000;1;0,000000;1,000000;0,000000;1;0,859145;1;277,540000;1,000000;277,540000;1;1,000000;0;186,117000;1;0,000000;0;277,540000;1;277,540000;1;277,540000;1;0,000000;0;;1,000000;-1,000000;-1,000000;-91,423000;-0,000305;0,000000
