episode,step,epsilon,potential_solar#0,action_solar#0,power_solar#0,idx_solar#0,potential_battery#0,action_battery#0,power_battery#0,idx_battery#0,soc_battery#0,soc_idx_battery#0,potential_grid#0,action_grid#0,power_grid#0,idx_grid#0,env_price,env_price_idx,env_renewable_potential,env_renewable_potential_idx,env_total_renewable,env_total_renewable_idx,env_total_power,env_total_power_idx,env_demand_power,env_demand_power_idx,env_grid_power,env_grid_power_idx,env_energy_balance,env_energy_balance_idx,env_delta_power_idx,reward_solar#0,reward_battery#0,reward_grid#0,env_delta_ph,env_delta_ph_norm,env_delta_ph_idx
123,-1,0.0,,,0.0,0,,,0.0,2,1.0,2,,,0.0,1,0.0,0,0.0,0,0.0,0,0.0,0,0.0,0,0.0,0,0.0,0,surplus,0.0,0.0,0.0,,,
123,0,0.10092902183438375,0.0,0.0,0.0,0,250000000.0,2.0,300000.0,1,0.99375,1,249700000.0,1.0,300000.0,1,1.0,0,0.0,0,0.0,0,600000.0,1,250000000.0,1,300000.0,1,-249400000.0,0,,1.0,828.125,-1.0,-250000000.0,-833.3333333333334,-1.0
123,1,0.10092902183438375,0.0,0.0,0.0,0,250000000.0,2.0,300000.0,1,0.9875,1,249700000.0,0.0,0.0,0,1.0,0,0.0,0,0.0,0,300000.0,1,250000000.0,1,0.0,0,-249700000.0,0,,1.0,822.9166666666667,1.0,-250000000.0,-833.3333333333334,-1.0
123,2,0.10092902183438375,0.0,0.0,0.0,0,250000000.0,2.0,300000.0,1,0.98125,1,249700000.0,1.0,300000.0,1,1.0,0,0.0,0,0.0,0,600000.0,1,250000000.0,1,300000.0,1,-249400000.0,0,,1.0,817.7083333333334,-1.0,-250000000.0,-833.3333333333334,-1.0
123,3,0.10092902183438375,0.0,0.0,0.0,0,250000000.0,2.0,300000.0,1,0.975,1,249700000.0,0.0,0.0,0,1.0,0,0.0,0,0.0,0,300000.0,1,250000000.0,1,0.0,0,-249700000.0,0,,1.0,812.5,1.0,-250000000.0,-833.3333333333334,-1.0
123,4,0.10092902183438375,0.0,0.0,0.0,0,250000000.0,2.0,300000.0,1,0.96875,1,249700000.0,1.0,300000.0,1,1.0,0,0.0,0,0.0,0,600000.0,1,250000000.0,1,300000.0,1,-249400000.0,0,,1.0,807.2916666666667,-1.0,-250000000.0,-833.3333333333334,-1.0
123,5,0.10092902183438375,0.0,0.0,0.0,0,250000000.0,2.0,300000.0,1,0.9625,1,249700000.0,0.0,0.0,0,1.0,0,0.0,0,0.0,0,300000.0,1,250000000.0,1,0.0,0,-249700000.0,0,,1.0,802.0833333333334,1.0,-250000000.0,-833.3333333333334,-1.0
123,6,0.10092902183438375,0.0,0.0,0.0,0,250000000.0,2.0,300000.0,1,0.95625,1,249700000.0,1.0,300000.0,1,1.0,0,0.0,0,0.0,0,600000.0,1,250000000.0,1,300000.0,1,-249400000.0,0,,1.0,301.88357624142907,-1.0,-250000000.0,-833.3333333333334,-1.0
123,7,0.10092902183438375,155291427.06151247,0.0,0.0,1,0.0,0.0,0.0,1,0.95625,1,250000000.0,0.0,0.0,0,1.0,0,155291427.06151247,1,0.0,0,0.0,0,250000000.0,1,0.0,0,-250000000.0,0,,1.0,-1.0,-1.0,-94708572.93848753,-315.6952431282918,-1.0
123,8,0.10092902183438375,299999999.99999994,1.0,299999999.99999994,1,49999999.99999994,1.0,-300000.0,1,0.9625,1,0.0,1.0,0.0,0,1.0,0,299999999.99999994,1,299999999.99999994,1,299999999.99999994,1,250300000.0,1,0.0,0,49699999.99999994,1,,1.0,0.03749999999999998,-1.0,49699999.99999994,165.66666666666646,1.0
123,9,0.10092902183438375,424264068.7119285,1.0,424264068.7119285,1,174264068.7119285,1.0,-300000.0,1,0.96875,1,0.0,0.0,0.0,0,1.0,0,424264068.7119285,1,424264068.7119285,1,424264068.7119285,1,250300000.0,1,0.0,0,173964068.7119285,1,,1.0,0.03125,1.0,173964068.7119285,579.8802290397616,1.0
123,10,0.10092902183438375,519615242.2706631,1.0,519615242.2706631,1,269615242.2706631,1.0,-300000.0,1,0.975,1,0.0,1.0,0.0,0,1.0,0,519615242.2706631,1,519615242.2706631,1,519615242.2706631,1,250300000.0,1,0.0,0,269315242.2706631,1,,1.0,0.025000000000000022,-1.0,269315242.2706631,897.7174742355436,1.0
123,11,0.10092902183438375,579555495.7734411,1.0,579555495.7734411,1,329555495.7734411,1.0,-300000.0,1,0.98125,1,0.0,0.0,0.0,0,1.0,0,579555495.7734411,1,579555495.7734411,1,579555495.7734411,1,250300000.0,1,0.0,0,329255495.7734411,1,,1.0,0.018750000000000044,1.0,329255495.7734411,1097.5183192448035,1.0
123,12,0.10092902183438375,600000000.0,1.0,600000000.0,1,350000000.0,1.0,-300000.0,1,0.9875,1,0.0,0.0,0.0,0,1.0,0,600000000.0,1,600000000.0,1,600000000.0,1,250300000.0,1,0.0,0,349700000.0,1,,1.0,0.012499999999999956,1.0,349700000.0,1165.6666666666667,1.0
123,13,0.10092902183438375,579555495.7734411,1.0,579555495.7734411,1,329555495.7734411,1.0,-300000.0,1,0.99375,1,0.0,0.0,0.0,0,1.0,0,579555495.7734411,1,579555495.7734411,1,579555495.7734411,1,250300000.0,1,0.0,0,329255495.7734411,1,,1.0,0.006249999999999978,1.0,329255495.7734411,1097.5183192448035,1.0
123,14,0.10092902183438375,519615242.2706632,1.0,519615242.2706632,1,269615242.2706632,1.0,-299999.99999999895,2,1.0,2,0.0,0.0,0.0,0,1.0,0,519615242.2706632,1,519615242.2706632,1,519615242.2706632,1,250300000.0,1,0.0,0,269315242.2706632,1,,1.0,0.0,1.0,269315242.2706632,897.717474235544,1.0
123,15,0.10092902183438375,424264068.7119286,1.0,424264068.7119286,1,0.0,2.0,0.0,2,1.0,2,0.0,0.0,0.0,0,1.0,0,424264068.7119286,1,424264068.7119286,1,424264068.7119286,1,250000000.0,1,0.0,0,174264068.7119286,1,,1.0,-1.0,1.0,174264068.7119286,580.8802290397621,1.0
123,16,0.10092902183438375,299999999.99999994,1.0,299999999.99999994,1,0.0,2.0,0.0,2,1.0,2,0.0,0.0,0.0,0,1.0,0,299999999.99999994,1,299999999.99999994,1,299999999.99999994,1,250000000.0,1,0.0,0,49999999.99999994,1,,1.0,-1.0,1.0,49999999.99999994,166.66666666666646,1.0
123,17,0.10092902183438375,155291427.06151262,0.0,0.0,1,250000000.0,2.0,300000.0,1,0.99375,1,249700000.0,1.0,300000.0,1,1.0,0,155291427.06151262,1,0.0,0,600000.0,1,250000000.0,1,300000.0,1,-249400000.0,0,,1.0,828.1249999999999,-1.0,-94708572.93848738,-315.6952431282913,-1.0
123,18,0.10092902183438375,7.347880794884119e-08,0.0,0.0,1,250000000.0,2.0,300000.0,1,0.9875,1,249700000.0,0.0,0.0,0,1.0,0,7.347880794884119e-08,0,0.0,0,300000.0,1,250000000.0,1,0.0,0,-249700000.0,0,,1.0,822.9166666666667,1.0,-249999999.99999994,-833.3333333333331,-1.0
123,19,0.10092902183438375,0.0,0.0,0.0,0,250000000.0,2.0,300000.0,1,0.98125,1,249700000.0,1.0,300000.0,1,1.0,0,0.0,0,0.0,0,600000.0,1,250000000.0,1,300000.0,1,-249400000.0,0,,1.0,817.7083333333334,-1.0,-250000000.0,-833.3333333333334,-1.0
123,20,0.10092902183438375,0.0,0.0,0.0,0,250000000.0,2.0,300000.0,1,0.975,1,249700000.0,0.0,0.0,0,1.0,0,0.0,0,0.0,0,300000.0,1,250000000.0,1,0.0,0,-249700000.0,0,,1.0,812.5,1.0,-250000000.0,-833.3333333333334,-1.0
123,21,0.10092902183438375,0.0,0.0,0.0,0,250000000.0,2.0,300000.0,1,0.96875,1,249700000.0,0.0,0.0,0,1.0,0,0.0,0,0.0,0,300000.0,1,250000000.0,1,0.0,0,-249700000.0,0,,1.0,807.2916666666667,1.0,-250000000.0,-833.3333333333334,-1.0
123,22,0.10092902183438375,0.0,0.0,0.0,0,250000000.0,2.0,300000.0,1,0.9625,1,249700000.0,0.0,0.0,0,1.0,0,0.0,0,0.0,0,300000.0,1,250000000.0,1,0.0,0,-249700000.0,0,,1.0,802.0833333333334,1.0,-250000000.0,-833.3333333333334,-1.0
123,23,0.10092902183438375,0.0,0.0,0.0,0,250000000.0,2.0,300000.0,1,0.95625,1,249700000.0,0.0,0.0,0,1.0,0,0.0,0,0.0,0,300000.0,1,250000000.0,1,0.0,0,-249700000.0,0,,1.0,796.8750000000001,1.0,-250000000.0,-833.3333333333334,-1.0
123,24,0.10092902183438375,0.0,0.0,0.0,0,250000000.0,2.0,300000.0,1,0.95,1,249700000.0,0.0,0.0,0,1.5,0,0.0,0,0.0,0,300000.0,1,250000000.0,1,0.0,0,-249700000.0,0,,1.0,791.6666666666666,1.0,-250000000.0,-833.3333333333334,-1.0
123,25,0.10092902183438375,0.0,0.0,0.0,0,250000000.0,2.0,300000.0,1,0.94375,1,249700000.0,0.0,0.0,0,1.5,0,0.0,0,0.0,0,300000.0,1,250000000.0,1,0.0,0,-249700000.0,0,,1.0,786.4583333333334,1.0,-250000000.0,-833.3333333333334,-1.0
123,26,0.10092902183438375,0.0,0.0,0.0,0,250000000.0,2.0,300000.0,1,0.9375,1,249700000.0,0.0,0.0,0,1.5,0,0.0,0,0.0,0,300000.0,1,250000000.0,1,0.0,0,-249700000.0,0,,1.0,781.25,1.0,-250000000.0,-833.3333333333334,-1.0
123,27,0.10092902183438375,0.0,0.0,0.0,0,250000000.0,2.0,300000.0,1,0.93125,1,249700000.0,1.0,300000.0,1,1.5,0,0.0,0,0.0,0,600000.0,1,250000000.0,1,300000.0,1,-249400000.0,0,,1.0,776.0416666666667,-1.0,-250000000.0,-833.3333333333334,-1.0
123,28,0.10092902183438375,0.0,0.0,0.0,0,250000000.0,2.0,300000.0,1,0.925,1,249700000.0,0.0,0.0,0,1.5,0,0.0,0,0.0,0,300000.0,1,250000000.0,1,0.0,0,-249700000.0,0,,1.0,770.8333333333334,1.0,-250000000.0,-833.3333333333334,-1.0
123,29,0.10092902183438375,0.0,0.0,0.0,0,250000000.0,2.0,300000.0,1,0.91875,1,249700000.0,0.0,0.0,0,1.5,0,0.0,0,0.0,0,300000.0,1,250000000.0,1,0.0,0,-249700000.0,0,,1.0,765.625,1.0,-250000000.0,-833.3333333333334,-1.0
123,30,0.10092902183438375,0.0,0.0,0.0,0,250000000.0,2.0,300000.0,1,0.9125,1,249700000.0,1.0,300000.0,1,1.5,0,0.0,0,0.0,0,600000.0,1,250000000.0,1,300000.0,1,-249400000.0,0,,1.0,288.07190935456623,-1.0,-250000000.0,-833.3333333333334,-1.0
123,31,0.10092902183438375,155291427.06151247,0.0,0.0,1,250000000.0,2.0,300000.0,1,0.90625,1,249700000.0,0.0,0.0,0,1.5,0,155291427.06151247,1,0.0,0,300000.0,1,250000000.0,1,0.0,0,-249700000.0,0,,1.0,151.0416666666665,1.0,-94708572.93848753,-315.6952431282918,-1.0
123,32,0.10092902183438375,299999999.99999994,1.0,299999999.99999994,1,49999999.99999994,1.0,-300000.0,1,0.9125,1,0.0,0.0,0.0,0,1.5,0,299999999.99999994,1,299999999.99999994,1,299999999.99999994,1,250300000.0,1,0.0,0,49699999.99999994,1,,1.0,0.08750000000000002,1.0,49699999.99999994,165.66666666666646,1.0
123,33,0.10092902183438375,424264068.7119285,1.0,424264068.7119285,1,174264068.7119285,1.0,-300000.0,1,0.91875,1,0.0,0.0,0.0,0,1.5,0,424264068.7119285,1,424264068.7119285,1,424264068.7119285,1,250300000.0,1,0.0,0,173964068.7119285,1,,1.0,0.08125000000000004,1.0,173964068.7119285,579.8802290397616,1.0
123,34,0.10092902183438375,519615242.2706631,1.0,519615242.2706631,1,269615242.2706631,1.0,-300000.0,1,0.925,1,0.0,0.0,0.0,0,1.5,0,519615242.2706631,1,519615242.2706631,1,519615242.2706631,1,250300000.0,1,0.0,0,269315242.2706631,1,,1.0,0.07499999999999996,1.0,269315242.2706631,897.7174742355436,1.0
123,35,0.10092902183438375,579555495.7734411,1.0,579555495.7734411,1,329555495.7734411,1.0,-300000.0,1,0.93125,1,0.0,0.0,0.0,0,1.5,0,579555495.7734411,1,579555495.7734411,1,579555495.7734411,1,250300000.0,1,0.0,0,329255495.7734411,1,,1.0,0.06874999999999998,1.0,329255495.7734411,1097.5183192448035,1.0
123,36,0.10092902183438375,600000000.0,1.0,600000000.0,1,350000000.0,1.0,-300000.0,1,0.9375,1,0.0,0.0,0.0,0,2.0,0,600000000.0,1,600000000.0,1,600000000.0,1,250300000.0,1,0.0,0,349700000.0,1,,1.0,0.0625,1.0,349700000.0,1165.6666666666667,1.0
123,37,0.10092902183438375,579555495.7734411,1.0,579555495.7734411,1,329555495.7734411,1.0,-300000.0,1,0.94375,1,0.0,0.0,0.0,0,2.0,0,579555495.7734411,1,579555495.7734411,1,579555495.7734411,1,250300000.0,1,0.0,0,329255495.7734411,1,,1.0,0.05625000000000002,1.0,329255495.7734411,1097.5183192448035,1.0
123,38,0.10092902183438375,519615242.2706632,1.0,519615242.2706632,1,269615242.2706632,1.0,-300000.0,1,0.95,1,0.0,0.0,0.0,0,2.0,0,519615242.2706632,1,519615242.2706632,1,519615242.2706632,1,250300000.0,1,0.0,0,269315242.2706632,1,,1.0,0.050000000000000044,1.0,269315242.2706632,897.717474235544,1.0
123,39,0.10092902183438375,424264068.7119286,1.0,424264068.7119286,1,174264068.7119286,1.0,-300000.0,1,0.95625,1,0.0,0.0,0.0,0,2.0,0,424264068.7119286,1,424264068.7119286,1,424264068.7119286,1,250300000.0,1,0.0,0,173964068.7119286,1,,1.0,0.043749999999999956,1.0,173964068.7119286,579.8802290397621,1.0
123,40,0.10092902183438375,299999999.99999994,1.0,299999999.99999994,1,49999999.99999994,1.0,-300000.0,1,0.9625,1,0.0,0.0,0.0,0,2.0,0,299999999.99999994,1,299999999.99999994,1,299999999.99999994,1,250300000.0,1,0.0,0,49699999.99999994,1,,1.0,0.03749999999999998,1.0,49699999.99999994,165.66666666666646,1.0
123,41,0.10092902183438375,155291427.06151262,0.0,0.0,1,250000000.0,2.0,300000.0,1,0.95625,1,249700000.0,0.0,0.0,0,2.0,0,155291427.06151262,1,0.0,0,300000.0,1,250000000.0,1,0.0,0,-249700000.0,0,,1.0,796.8749999999999,1.0,-94708572.93848738,-315.6952431282913,-1.0
123,42,0.10092902183438375,7.347880794884119e-08,0.0,0.0,1,250000000.0,2.0,300000.0,1,0.95,1,249700000.0,0.0,0.0,0,2.0,0,7.347880794884119e-08,0,0.0,0,300000.0,1,250000000.0,1,0.0,0,-249700000.0,0,,1.0,791.6666666666666,1.0,-249999999.99999994,-833.3333333333331,-1.0
123,43,0.10092902183438375,0.0,1.0,0.0,0,250000000.0,2.0,300000.0,1,0.94375,1,249700000.0,0.0,0.0,0,2.0,0,0.0,0,0.0,0,300000.0,1,250000000.0,1,0.0,0,-249700000.0,0,,-1.0,786.4583333333334,1.0,-250000000.0,-833.3333333333334,-1.0
123,44,0.10092902183438375,0.0,0.0,0.0,0,250000000.0,2.0,300000.0,1,0.9375,1,249700000.0,0.0,0.0,0,2.0,0,0.0,0,0.0,0,300000.0,1,250000000.0,1,0.0,0,-249700000.0,0,,1.0,781.25,1.0,-250000000.0,-833.3333333333334,-1.0
123,45,0.10092902183438375,0.0,0.0,0.0,0,250000000.0,2.0,300000.0,1,0.93125,1,249700000.0,0.0,0.0,0,2.0,0,0.0,0,0.0,0,300000.0,1,250000000.0,1,0.0,0,-249700000.0,0,,1.0,776.0416666666667,1.0,-250000000.0,-833.3333333333334,-1.0
123,46,0.10092902183438375,0.0,0.0,0.0,0,250000000.0,2.0,300000.0,1,0.925,1,249700000.0,0.0,0.0,0,2.0,0,0.0,0,0.0,0,300000.0,1,250000000.0,1,0.0,0,-249700000.0,0,,1.0,770.8333333333334,1.0,-250000000.0,-833.3333333333334,-1.0
123,47,0.10092902183438375,0.0,0.0,0.0,0,250000000.0,2.0,300000.0,1,0.91875,1,249700000.0,0.0,0.0,0,2.0,0,0.0,0,0.0,0,300000.0,1,250000000.0,1,0.0,0,-249700000.0,0,,1.0,765.625,1.0,-250000000.0,-833.3333333333334,-1.0
123,48,0.10092902183438375,0.0,0.0,0.0,0,250000000.0,2.0,300000.0,1,0.9125,1,249700000.0,1.0,300000.0,1,2.0,0,0.0,0,0.0,0,600000.0,1,250000000.0,1,300000.0,1,-249400000.0,0,,1.0,760.4166666666666,-1.0,-250000000.0,-833.3333333333334,-1.0
123,49,0.10092902183438375,0.0,0.0,0.0,0,250000000.0,2.0,300000.0,1,0.90625,1,249700000.0,0.0,0.0,0,2.0,0,0.0,0,0.0,0,300000.0,1,250000000.0,1,0.0,0,-249700000.0,0,,1.0,755.2083333333334,1.0,-250000000.0,-833.3333333333334,-1.0
123,50,0.10092902183438375,0.0,0.0,0.0,0,250000000.0,2.0,300000.0,1,0.9,1,249700000.0,0.0,0.0,0,2.0,0,0.0,0,0.0,0,300000.0,1,250000000.0,1,0.0,0,-249700000.0,0,,1.0,750.0,1.0,-250000000.0,-833.3333333333334,-1.0
123,51,0.10092902183438375,0.0,0.0,0.0,0,250000000.0,2.0,300000.0,1,0.89375,1,249700000.0,0.0,0.0,0,2.0,0,0.0,0,0.0,0,300000.0,1,250000000.0,1,0.0,0,-249700000.0,0,,1.0,744.7916666666667,1.0,-250000000.0,-833.3333333333334,-1.0
123,52,0.10092902183438375,0.0,0.0,0.0,0,250000000.0,2.0,300000.0,1,0.8875,1,249700000.0,0.0,0.0,0,2.0,0,0.0,0,0.0,0,300000.0,1,250000000.0,1,0.0,0,-249700000.0,0,,1.0,739.5833333333334,1.0,-250000000.0,-833.3333333333334,-1.0
123,53,0.10092902183438375,0.0,0.0,0.0,0,0.0,1.0,0.0,1,0.8875,1,250000000.0,0.0,0.0,0,2.0,0,0.0,0,0.0,0,0.0,0,250000000.0,1,0.0,0,-250000000.0,0,,1.0,-1.0,1.0,-250000000.0,-833.3333333333334,-1.0
123,54,0.10092902183438375,0.0,0.0,0.0,0,250000000.0,2.0,300000.0,1,0.88125,1,249700000.0,0.0,0.0,0,2.0,0,0.0,0,0.0,0,300000.0,1,250000000.0,1,0.0,0,-249700000.0,0,,1.0,278.2064330068071,1.0,-250000000.0,-833.3333333333334,-1.0
123,55,0.10092902183438375,155291427.06151247,0.0,0.0,1,0.0,1.0,0.0,1,0.88125,1,250000000.0,0.0,0.0,0,2.0,0,155291427.06151247,1,0.0,0,0.0,0,250000000.0,1,0.0,0,-250000000.0,0,,1.0,-1.0,1.0,-94708572.93848753,-315.6952431282918,-1.0
123,56,0.10092902183438375,299999999.99999994,1.0,299999999.99999994,1,49999999.99999994,1.0,-300000.0,1,0.8875,1,0.0,0.0,0.0,0,2.0,0,299999999.99999994,1,299999999.99999994,1,299999999.99999994,1,250300000.0,1,0.0,0,49699999.99999994,1,,1.0,0.11250000000000004,1.0,49699999.99999994,165.66666666666646,1.0
123,57,0.10092902183438375,424264068.7119285,1.0,424264068.7119285,1,174264068.7119285,1.0,-300000.0,1,0.89375,1,0.0,0.0,0.0,0,2.0,0,424264068.7119285,1,424264068.7119285,1,424264068.7119285,1,250300000.0,1,0.0,0,173964068.7119285,1,,1.0,0.10624999999999996,1.0,173964068.7119285,579.8802290397616,1.0
123,58,0.10092902183438375,519615242.2706631,1.0,519615242.2706631,1,269615242.2706631,1.0,-300000.0,1,0.9,1,0.0,0.0,0.0,0,2.0,0,519615242.2706631,1,519615242.2706631,1,519615242.2706631,1,250300000.0,1,0.0,0,269315242.2706631,1,,1.0,0.09999999999999998,1.0,269315242.2706631,897.7174742355436,1.0
123,59,0.10092902183438375,579555495.7734411,1.0,579555495.7734411,1,329555495.7734411,1.0,-300000.0,1,0.90625,1,0.0,0.0,0.0,0,2.0,0,579555495.7734411,1,579555495.7734411,1,579555495.7734411,1,250300000.0,1,0.0,0,329255495.7734411,1,,1.0,0.09375,1.0,329255495.7734411,1097.5183192448035,1.0
123,60,0.10092902183438375,600000000.0,1.0,600000000.0,1,350000000.0,1.0,-300000.0,1,0.9125,1,0.0,0.0,0.0,0,2.0,0,600000000.0,1,600000000.0,1,600000000.0,1,250300000.0,1,0.0,0,349700000.0,1,,1.0,0.08750000000000002,1.0,349700000.0,1165.6666666666667,1.0
123,61,0.10092902183438375,579555495.7734411,1.0,579555495.7734411,1,329555495.7734411,1.0,-300000.0,1,0.91875,1,0.0,0.0,0.0,0,2.0,0,579555495.7734411,1,579555495.7734411,1,579555495.7734411,1,250300000.0,1,0.0,0,329255495.7734411,1,,1.0,0.08125000000000004,1.0,329255495.7734411,1097.5183192448035,1.0
123,62,0.10092902183438375,519615242.2706632,1.0,519615242.2706632,1,269615242.2706632,1.0,-300000.0,1,0.925,1,0.0,0.0,0.0,0,2.0,0,519615242.2706632,1,519615242.2706632,1,519615242.2706632,1,250300000.0,1,0.0,0,269315242.2706632,1,,1.0,0.07499999999999996,1.0,269315242.2706632,897.717474235544,1.0
123,63,0.10092902183438375,424264068.7119286,1.0,424264068.7119286,1,174264068.7119286,1.0,-300000.0,1,0.93125,1,0.0,0.0,0.0,0,2.0,0,424264068.7119286,1,424264068.7119286,1,424264068.7119286,1,250300000.0,1,0.0,0,173964068.7119286,1,,1.0,0.06874999999999998,1.0,173964068.7119286,579.8802290397621,1.0
123,64,0.10092902183438375,299999999.99999994,1.0,299999999.99999994,1,49999999.99999994,1.0,-300000.0,1,0.9375,1,0.0,0.0,0.0,0,2.0,0,299999999.99999994,1,299999999.99999994,1,299999999.99999994,1,250300000.0,1,0.0,0,49699999.99999994,1,,1.0,0.0625,1.0,49699999.99999994,165.66666666666646,1.0
123,65,0.10092902183438375,155291427.06151262,0.0,0.0,1,250000000.0,2.0,300000.0,1,0.93125,1,249700000.0,0.0,0.0,0,2.0,0,155291427.06151262,1,0.0,0,300000.0,1,250000000.0,1,0.0,0,-249700000.0,0,,1.0,776.0416666666665,1.0,-94708572.93848738,-315.6952431282913,-1.0
123,66,0.10092902183438375,7.347880794884119e-08,0.0,0.0,1,250000000.0,2.0,300000.0,1,0.925,1,249700000.0,0.0,0.0,0,2.0,0,7.347880794884119e-08,0,0.0,0,300000.0,1,250000000.0,1,0.0,0,-249700000.0,0,,1.0,770.8333333333334,1.0,-249999999.99999994,-833.3333333333331,-1.0
123,67,0.10092902183438375,0.0,0.0,0.0,0,250000000.0,2.0,300000.0,1,0.91875,1,249700000.0,0.0,0.0,0,2.0,0,0.0,0,0.0,0,300000.0,1,250000000.0,1,0.0,0,-249700000.0,0,,1.0,765.625,1.0,-250000000.0,-833.3333333333334,-1.0
123,68,0.10092902183438375,0.0,0.0,0.0,0,250000000.0,2.0,300000.0,1,0.9125,1,249700000.0,0.0,0.0,0,2.0,0,0.0,0,0.0,0,300000.0,1,250000000.0,1,0.0,0,-249700000.0,0,,1.0,760.4166666666666,1.0,-250000000.0,-833.3333333333334,-1.0
123,69,0.10092902183438375,0.0,0.0,0.0,0,250000000.0,2.0,300000.0,1,0.90625,1,249700000.0,0.0,0.0,0,2.0,0,0.0,0,0.0,0,300000.0,1,250000000.0,1,0.0,0,-249700000.0,0,,1.0,755.2083333333334,1.0,-250000000.0,-833.3333333333334,-1.0
123,70,0.10092902183438375,0.0,0.0,0.0,0,250000000.0,2.0,300000.0,1,0.9,1,249700000.0,0.0,0.0,0,2.0,0,0.0,0,0.0,0,300000.0,1,250000000.0,1,0.0,0,-249700000.0,0,,1.0,750.0,1.0,-250000000.0,-833.3333333333334,-1.0
123,71,0.10092902183438375,0.0,0.0,0.0,0,250000000.0,2.0,300000.0,1,0.89375,1,249700000.0,0.0,0.0,0,2.0,0,0.0,0,0.0,0,300000.0,1,250000000.0,1,0.0,0,-249700000.0,0,,1.0,744.7916666666667,1.0,-250000000.0,-833.3333333333334,-1.0
123,72,0.10092902183438375,0.0,1.0,0.0,0,250000000.0,2.0,300000.0,1,0.8875,1,249700000.0,0.0,0.0,0,1.0,0,0.0,0,0.0,0,300000.0,1,250000000.0,1,0.0,0,-249700000.0,0,,-1.0,739.5833333333334,1.0,-250000000.0,-833.3333333333334,-1.0
123,73,0.10092902183438375,0.0,0.0,0.0,0,250000000.0,2.0,300000.0,1,0.88125,1,249700000.0,0.0,0.0,0,1.0,0,0.0,0,0.0,0,300000.0,1,250000000.0,1,0.0,0,-249700000.0,0,,1.0,734.375,1.0,-250000000.0,-833.3333333333334,-1.0
123,74,0.10092902183438375,0.0,0.0,0.0,0,250000000.0,2.0,300000.0,1,0.875,1,249700000.0,0.0,0.0,0,1.0,0,0.0,0,0.0,0,300000.0,1,250000000.0,1,0.0,0,-249700000.0,0,,1.0,729.1666666666667,1.0,-250000000.0,-833.3333333333334,-1.0
123,75,0.10092902183438375,0.0,0.0,0.0,0,250000000.0,2.0,300000.0,1,0.86875,1,249700000.0,0.0,0.0,0,1.0,0,0.0,0,0.0,0,300000.0,1,250000000.0,1,0.0,0,-249700000.0,0,,1.0,723.9583333333334,1.0,-250000000.0,-833.3333333333334,-1.0
123,76,0.10092902183438375,0.0,0.0,0.0,0,250000000.0,2.0,300000.0,1,0.8625,1,249700000.0,0.0,0.0,0,1.0,0,0.0,0,0.0,0,300000.0,1,250000000.0,1,0.0,0,-249700000.0,0,,1.0,718.7500000000001,1.0,-250000000.0,-833.3333333333334,-1.0
123,77,0.10092902183438375,0.0,0.0,0.0,0,250000000.0,2.0,300000.0,1,0.85625,1,249700000.0,0.0,0.0,0,1.0,0,0.0,0,0.0,0,300000.0,1,250000000.0,1,0.0,0,-249700000.0,0,,1.0,713.5416666666666,1.0,-250000000.0,-833.3333333333334,-1.0
123,78,0.10092902183438375,0.0,0.0,0.0,0,250000000.0,2.0,300000.0,1,0.85,1,249700000.0,0.0,0.0,0,1.0,0,0.0,0,0.0,0,300000.0,1,250000000.0,1,0.0,0,-249700000.0,0,,1.0,268.340956659048,1.0,-250000000.0,-833.3333333333334,-1.0
123,79,0.10092902183438375,155291427.06151247,0.0,0.0,1,250000000.0,2.0,300000.0,1,0.84375,1,249700000.0,0.0,0.0,0,1.0,0,155291427.06151247,1,0.0,0,300000.0,1,250000000.0,1,0.0,0,-249700000.0,0,,1.0,140.62499999999983,1.0,-94708572.93848753,-315.6952431282918,-1.0
123,80,0.10092902183438375,299999999.99999994,1.0,299999999.99999994,1,49999999.99999994,1.0,-300000.0,1,0.85,1,0.0,1.0,0.0,0,1.0,0,299999999.99999994,1,299999999.99999994,1,299999999.99999994,1,250300000.0,1,0.0,0,49699999.99999994,1,,1.0,0.15000000000000002,-1.0,49699999.99999994,165.66666666666646,1.0
123,81,0.10092902183438375,424264068.7119285,1.0,424264068.7119285,1,174264068.7119285,1.0,-300000.0,1,0.85625,1,0.0,0.0,0.0,0,1.0,0,424264068.7119285,1,424264068.7119285,1,424264068.7119285,1,250300000.0,1,0.0,0,173964068.7119285,1,,1.0,0.14375000000000004,1.0,173964068.7119285,579.8802290397616,1.0
123,82,0.10092902183438375,519615242.2706631,1.0,519615242.2706631,1,269615242.2706631,1.0,-300000.0,1,0.8625,1,0.0,0.0,0.0,0,1.0,0,519615242.2706631,1,519615242.2706631,1,519615242.2706631,1,250300000.0,1,0.0,0,269315242.2706631,1,,1.0,0.13749999999999996,1.0,269315242.2706631,897.7174742355436,1.0
123,83,0.10092902183438375,579555495.7734411,1.0,579555495.7734411,1,329555495.7734411,1.0,-300000.0,1,0.86875,1,0.0,0.0,0.0,0,1.0,0,579555495.7734411,1,579555495.7734411,1,579555495.7734411,1,250300000.0,1,0.0,0,329255495.7734411,1,,1.0,0.13124999999999998,1.0,329255495.7734411,1097.5183192448035,1.0
123,84,0.10092902183438375,600000000.0,1.0,600000000.0,1,350000000.0,1.0,-300000.0,1,0.875,1,0.0,0.0,0.0,0,1.0,0,600000000.0,1,600000000.0,1,600000000.0,1,250300000.0,1,0.0,0,349700000.0,1,,1.0,0.125,1.0,349700000.0,1165.6666666666667,1.0
123,85,0.10092902183438375,579555495.7734411,1.0,579555495.7734411,1,329555495.7734411,1.0,-300000.0,1,0.88125,1,0.0,0.0,0.0,0,1.0,0,579555495.7734411,1,579555495.7734411,1,579555495.7734411,1,250300000.0,1,0.0,0,329255495.7734411,1,,1.0,0.11875000000000002,1.0,329255495.7734411,1097.5183192448035,1.0
123,86,0.10092902183438375,519615242.2706632,1.0,519615242.2706632,1,269615242.2706632,1.0,-300000.0,1,0.8875,1,0.0,0.0,0.0,0,1.0,0,519615242.2706632,1,519615242.2706632,1,519615242.2706632,1,250300000.0,1,0.0,0,269315242.2706632,1,,1.0,0.11250000000000004,1.0,269315242.2706632,897.717474235544,1.0
123,87,0.10092902183438375,424264068.7119286,1.0,424264068.7119286,1,174264068.7119286,1.0,-300000.0,1,0.89375,1,0.0,0.0,0.0,0,1.0,0,424264068.7119286,1,424264068.7119286,1,424264068.7119286,1,250300000.0,1,0.0,0,173964068.7119286,1,,1.0,0.10624999999999996,1.0,173964068.7119286,579.8802290397621,1.0
123,88,0.10092902183438375,299999999.99999994,1.0,299999999.99999994,1,49999999.99999994,1.0,-300000.0,1,0.9,1,0.0,0.0,0.0,0,1.0,0,299999999.99999994,1,299999999.99999994,1,299999999.99999994,1,250300000.0,1,0.0,0,49699999.99999994,1,,1.0,0.09999999999999998,1.0,49699999.99999994,165.66666666666646,1.0
123,89,0.10092902183438375,155291427.06151262,1.0,155291427.06151262,1,94708572.93848738,2.0,300000.0,1,0.89375,1,94408572.93848738,0.0,0.0,0,1.0,0,155291427.06151262,1,155291427.06151262,1,155591427.06151262,1,250000000.0,1,0.0,0,-94408572.93848738,0,,-1.0,744.7916666666665,1.0,-94708572.93848738,-315.6952431282913,-1.0
123,90,0.10092902183438375,7.347880794884119e-08,0.0,0.0,1,250000000.0,2.0,300000.0,1,0.8875,1,249700000.0,0.0,0.0,0,1.0,0,7.347880794884119e-08,0,0.0,0,300000.0,1,250000000.0,1,0.0,0,-249700000.0,0,,1.0,739.5833333333334,1.0,-249999999.99999994,-833.3333333333331,-1.0
123,91,0.10092902183438375,0.0,0.0,0.0,0,250000000.0,2.0,300000.0,1,0.88125,1,249700000.0,0.0,0.0,0,1.0,0,0.0,0,0.0,0,300000.0,1,250000000.0,1,0.0,0,-249700000.0,0,,1.0,734.375,1.0,-250000000.0,-833.3333333333334,-1.0
123,92,0.10092902183438375,0.0,0.0,0.0,0,0.0,0.0,0.0,1,0.88125,1,250000000.0,0.0,0.0,0,1.0,0,0.0,0,0.0,0,0.0,0,250000000.0,1,0.0,0,-250000000.0,0,,1.0,-1.0,-1.0,-250000000.0,-833.3333333333334,-1.0
123,93,0.10092902183438375,0.0,0.0,0.0,0,250000000.0,2.0,300000.0,1,0.875,1,249700000.0,0.0,0.0,0,1.0,0,0.0,0,0.0,0,300000.0,1,250000000.0,1,0.0,0,-249700000.0,0,,1.0,729.1666666666667,1.0,-250000000.0,-833.3333333333334,-1.0
123,94,0.10092902183438375,0.0,0.0,0.0,0,0.0,1.0,0.0,1,0.875,1,250000000.0,0.0,0.0,0,1.0,0,0.0,0,0.0,0,0.0,0,250000000.0,1,0.0,0,-250000000.0,0,,1.0,-1.0,1.0,-250000000.0,-833.3333333333334,-1.0
123,95,0.10092902183438375,0.0,0.0,0.0,0,0.0,0.0,0.0,1,0.875,1,250000000.0,0.0,0.0,0,1.0,0,0.0,0,0.0,0,0.0,0,250000000.0,1,0.0,0,-250000000.0,0,,1.0,-1.0,-1.0,-250000000.0,-833.3333333333334,-1.0
123,96,0.10092902183438375,0.0,0.0,0.0,0,250000000.0,2.0,300000.0,1,0.86875,1,249700000.0,0.0,0.0,0,1.0,0,0.0,0,0.0,0,300000.0,1,250000000.0,1,0.0,0,-249700000.0,0,,1.0,723.9583333333334,1.0,-250000000.0,-833.3333333333334,-1.0
123,97,0.10092902183438375,0.0,0.0,0.0,0,250000000.0,2.0,300000.0,1,0.8625,1,249700000.0,0.0,0.0,0,1.0,0,0.0,0,0.0,0,300000.0,1,250000000.0,1,0.0,0,-249700000.0,0,,1.0,718.7500000000001,1.0,-250000000.0,-833.3333333333334,-1.0
123,98,0.10092902183438375,0.0,0.0,0.0,0,250000000.0,2.0,300000.0,1,0.85625,1,249700000.0,0.0,0.0,0,1.0,0,0.0,0,0.0,0,300000.0,1,250000000.0,1,0.0,0,-249700000.0,0,,1.0,713.5416666666666,1.0,-250000000.0,-833.3333333333334,-1.0
123,99,0.10092902183438375,0.0,0.0,0.0,0,250000000.0,2.0,300000.0,1,0.85,1,249700000.0,0.0,0.0,0,1.0,0,0.0,0,0.0,0,300000.0,1,250000000.0,1,0.0,0,-249700000.0,0,,1.0,708.3333333333334,1.0,-250000000.0,-833.3333333333334,-1.0
123,100,0.10092902183438375,0.0,0.0,0.0,0,250000000.0,2.0,300000.0,1,0.84375,1,249700000.0,0.0,0.0,0,1.0,0,0.0,0,0.0,0,300000.0,1,250000000.0,1,0.0,0,-249700000.0,0,,1.0,703.125,1.0,-250000000.0,-833.3333333333334,-1.0
123,101,0.10092902183438375,0.0,0.0,0.0,0,250000000.0,2.0,300000.0,1,0.8375,1,249700000.0,0.0,0.0,0,1.0,0,0.0,0,0.0,0,300000.0,1,250000000.0,1,0.0,0,-249700000.0,0,,1.0,697.9166666666667,1.0,-250000000.0,-833.3333333333334,-1.0
123,102,0.10092902183438375,0.0,0.0,0.0,0,0.0,0.0,0.0,1,0.8375,1,250000000.0,0.0,0.0,0,1.0,0,0.0,0,0.0,0,0.0,0,250000000.0,1,0.0,0,-250000000.0,0,,1.0,-1.0,-1.0,-250000000.0,-833.3333333333334,-1.0
123,103,0.10092902183438375,155291427.06151247,0.0,0.0,1,250000000.0,2.0,300000.0,1,0.83125,1,249700000.0,0.0,0.0,0,1.0,0,155291427.06151247,1,0.0,0,300000.0,1,250000000.0,1,0.0,0,-249700000.0,0,,1.0,138.5416666666665,1.0,-94708572.93848753,-315.6952431282918,-1.0
123,104,0.10092902183438375,299999999.99999994,1.0,299999999.99999994,1,49999999.99999994,1.0,-300000.0,1,0.8375,1,0.0,0.0,0.0,0,1.0,0,299999999.99999994,1,299999999.99999994,1,299999999.99999994,1,250300000.0,1,0.0,0,49699999.99999994,1,,1.0,0.16249999999999998,1.0,49699999.99999994,165.66666666666646,1.0
123,105,0.10092902183438375,424264068.7119285,1.0,424264068.7119285,1,174264068.7119285,1.0,-300000.0,1,0.84375,1,0.0,0.0,0.0,0,1.0,0,424264068.7119285,1,424264068.7119285,1,424264068.7119285,1,250300000.0,1,0.0,0,173964068.7119285,1,,1.0,0.15625,1.0,173964068.7119285,579.8802290397616,1.0
123,106,0.10092902183438375,519615242.2706631,1.0,519615242.2706631,1,0.0,2.0,0.0,1,0.84375,1,0.0,0.0,0.0,0,1.0,0,519615242.2706631,1,519615242.2706631,1,519615242.2706631,1,250000000.0,1,0.0,0,269615242.2706631,1,,1.0,-1.0,1.0,269615242.2706631,898.7174742355436,1.0
123,107,0.10092902183438375,579555495.7734411,1.0,579555495.7734411,1,329555495.7734411,1.0,-300000.0,1,0.85,1,0.0,0.0,0.0,0,1.0,0,579555495.7734411,1,579555495.7734411,1,579555495.7734411,1,250300000.0,1,0.0,0,329255495.7734411,1,,1.0,0.15000000000000002,1.0,329255495.7734411,1097.5183192448035,1.0
123,108,0.10092902183438375,600000000.0,1.0,600000000.0,1,350000000.0,1.0,-300000.0,1,0.85625,1,0.0,0.0,0.0,0,1.0,0,600000000.0,1,600000000.0,1,600000000.0,1,250300000.0,1,0.0,0,349700000.0,1,,1.0,0.14375000000000004,1.0,349700000.0,1165.6666666666667,1.0
123,109,0.10092902183438375,579555495.7734411,1.0,579555495.7734411,1,329555495.7734411,1.0,-300000.0,1,0.8625,1,0.0,0.0,0.0,0,1.0,0,579555495.7734411,1,579555495.7734411,1,579555495.7734411,1,250300000.0,1,0.0,0,329255495.7734411,1,,1.0,0.13749999999999996,1.0,329255495.7734411,1097.5183192448035,1.0
123,110,0.10092902183438375,519615242.2706632,1.0,519615242.2706632,1,269615242.2706632,1.0,-300000.0,1,0.86875,1,0.0,0.0,0.0,0,1.0,0,519615242.2706632,1,519615242.2706632,1,519615242.2706632,1,250300000.0,1,0.0,0,269315242.2706632,1,,1.0,0.13124999999999998,1.0,269315242.2706632,897.717474235544,1.0
123,111,0.10092902183438375,424264068.7119286,1.0,424264068.7119286,1,174264068.7119286,1.0,-300000.0,1,0.875,1,0.0,0.0,0.0,0,1.0,0,424264068.7119286,1,424264068.7119286,1,424264068.7119286,1,250300000.0,1,0.0,0,173964068.7119286,1,,1.0,0.125,1.0,173964068.7119286,579.8802290397621,1.0
123,112,0.10092902183438375,299999999.99999994,1.0,299999999.99999994,1,49999999.99999994,1.0,-300000.0,1,0.88125,1,0.0,0.0,0.0,0,1.0,0,299999999.99999994,1,299999999.99999994,1,299999999.99999994,1,250300000.0,1,0.0,0,49699999.99999994,1,,1.0,0.11875000000000002,1.0,49699999.99999994,165.66666666666646,1.0
123,113,0.10092902183438375,155291427.06151262,0.0,0.0,1,250000000.0,2.0,300000.0,1,0.875,1,249700000.0,0.0,0.0,0,1.0,0,155291427.06151262,1,0.0,0,300000.0,1,250000000.0,1,0.0,0,-249700000.0,0,,1.0,729.1666666666665,1.0,-94708572.93848738,-315.6952431282913,-1.0
123,114,0.10092902183438375,7.347880794884119e-08,0.0,0.0,1,250000000.0,2.0,300000.0,1,0.86875,1,249700000.0,0.0,0.0,0,1.0,0,7.347880794884119e-08,0,0.0,0,300000.0,1,250000000.0,1,0.0,0,-249700000.0,0,,1.0,723.9583333333334,1.0,-249999999.99999994,-833.3333333333331,-1.0
123,115,0.10092902183438375,0.0,0.0,0.0,0,250000000.0,2.0,300000.0,1,0.8625,1,249700000.0,0.0,0.0,0,1.0,0,0.0,0,0.0,0,300000.0,1,250000000.0,1,0.0,0,-249700000.0,0,,1.0,718.7500000000001,1.0,-250000000.0,-833.3333333333334,-1.0
123,116,0.10092902183438375,0.0,0.0,0.0,0,250000000.0,2.0,300000.0,1,0.85625,1,249700000.0,0.0,0.0,0,1.0,0,0.0,0,0.0,0,300000.0,1,250000000.0,1,0.0,0,-249700000.0,0,,1.0,713.5416666666666,1.0,-250000000.0,-833.3333333333334,-1.0
123,117,0.10092902183438375,0.0,0.0,0.0,0,250000000.0,2.0,300000.0,1,0.85,1,249700000.0,0.0,0.0,0,1.0,0,0.0,0,0.0,0,300000.0,1,250000000.0,1,0.0,0,-249700000.0,0,,1.0,708.3333333333334,1.0,-250000000.0,-833.3333333333334,-1.0
123,118,0.10092902183438375,0.0,0.0,0.0,0,250000000.0,2.0,300000.0,1,0.84375,1,249700000.0,0.0,0.0,0,1.0,0,0.0,0,0.0,0,300000.0,1,250000000.0,1,0.0,0,-249700000.0,0,,1.0,703.125,1.0,-250000000.0,-833.3333333333334,-1.0
123,119,0.10092902183438375,0.0,1.0,0.0,0,250000000.0,2.0,300000.0,1,0.8375,1,249700000.0,0.0,0.0,0,1.0,0,0.0,0,0.0,0,300000.0,1,250000000.0,1,0.0,0,-249700000.0,0,,-1.0,697.9166666666667,1.0,-250000000.0,-833.3333333333334,-1.0
123,120,0.10092902183438375,0.0,0.0,0.0,0,250000000.0,2.0,300000.0,1,0.83125,1,249700000.0,0.0,0.0,0,1.0,0,0.0,0,0.0,0,300000.0,1,250000000.0,1,0.0,0,-249700000.0,0,,1.0,692.7083333333334,1.0,-250000000.0,-833.3333333333334,-1.0
123,121,0.10092902183438375,0.0,0.0,0.0,0,250000000.0,2.0,300000.0,1,0.825,1,249700000.0,0.0,0.0,0,1.0,0,0.0,0,0.0,0,300000.0,1,250000000.0,1,0.0,0,-249700000.0,0,,1.0,687.5,1.0,-250000000.0,-833.3333333333334,-1.0
123,122,0.10092902183438375,0.0,0.0,0.0,0,0.0,1.0,0.0,1,0.825,1,250000000.0,0.0,0.0,0,1.0,0,0.0,0,0.0,0,0.0,0,250000000.0,1,0.0,0,-250000000.0,0,,1.0,-1.0,1.0,-250000000.0,-833.3333333333334,-1.0
123,123,0.10092902183438375,0.0,0.0,0.0,0,250000000.0,2.0,300000.0,1,0.81875,1,249700000.0,0.0,0.0,0,1.0,0,0.0,0,0.0,0,300000.0,1,250000000.0,1,0.0,0,-249700000.0,0,,1.0,682.2916666666666,1.0,-250000000.0,-833.3333333333334,-1.0
123,124,0.10092902183438375,0.0,1.0,0.0,0,250000000.0,2.0,300000.0,1,0.8125,1,249700000.0,0.0,0.0,0,1.0,0,0.0,0,0.0,0,300000.0,1,250000000.0,1,0.0,0,-249700000.0,0,,-1.0,677.0833333333334,1.0,-250000000.0,-833.3333333333334,-1.0
123,125,0.10092902183438375,0.0,0.0,0.0,0,250000000.0,2.0,300000.0,1,0.80625,1,249700000.0,0.0,0.0,0,1.0,0,0.0,0,0.0,0,300000.0,1,250000000.0,1,0.0,0,-249700000.0,0,,1.0,671.875,1.0,-250000000.0,-833.3333333333334,-1.0
123,126,0.10092902183438375,0.0,0.0,0.0,0,250000000.0,2.0,300000.0,1,0.8,1,249700000.0,0.0,0.0,0,1.0,0,0.0,0,0.0,0,300000.0,1,250000000.0,1,0.0,0,-249700000.0,0,,1.0,252.55619450263345,1.0,-250000000.0,-833.3333333333334,-1.0
123,127,0.10092902183438375,155291427.06151247,0.0,0.0,1,250000000.0,2.0,300000.0,1,0.79375,1,249700000.0,0.0,0.0,0,1.0,0,155291427.06151247,1,0.0,0,300000.0,1,250000000.0,1,0.0,0,-249700000.0,0,,1.0,132.2916666666665,1.0,-94708572.93848753,-315.6952431282918,-1.0
123,128,0.10092902183438375,299999999.99999994,1.0,299999999.99999994,1,49999999.99999994,1.0,-300000.0,1,0.8,1,0.0,0.0,0.0,0,1.0,0,299999999.99999994,1,299999999.99999994,1,299999999.99999994,1,250300000.0,1,0.0,0,49699999.99999994,1,,1.0,0.19999999999999996,1.0,49699999.99999994,165.66666666666646,1.0
123,129,0.10092902183438375,424264068.7119285,1.0,424264068.7119285,1,174264068.7119285,1.0,-300000.0,1,0.80625,1,0.0,0.0,0.0,0,1.0,0,424264068.7119285,1,424264068.7119285,1,424264068.7119285,1,250300000.0,1,0.0,0,173964068.7119285,1,,1.0,0.19374999999999998,1.0,173964068.7119285,579.8802290397616,1.0
123,130,0.10092902183438375,519615242.2706631,1.0,519615242.2706631,1,269615242.2706631,1.0,-300000.0,1,0.8125,1,0.0,0.0,0.0,0,1.0,0,519615242.2706631,1,519615242.2706631,1,519615242.2706631,1,250300000.0,1,0.0,0,269315242.2706631,1,,1.0,0.1875,1.0,269315242.2706631,897.7174742355436,1.0
123,131,0.10092902183438375,579555495.7734411,1.0,579555495.7734411,1,329555495.7734411,1.0,-300000.0,1,0.81875,1,0.0,0.0,0.0,0,1.0,0,579555495.7734411,1,579555495.7734411,1,579555495.7734411,1,250300000.0,1,0.0,0,329255495.7734411,1,,1.0,0.18125000000000002,1.0,329255495.7734411,1097.5183192448035,1.0
123,132,0.10092902183438375,600000000.0,1.0,600000000.0,1,350000000.0,1.0,-300000.0,1,0.825,1,0.0,0.0,0.0,0,1.0,0,600000000.0,1,600000000.0,1,600000000.0,1,250300000.0,1,0.0,0,349700000.0,1,,1.0,0.17500000000000004,1.0,349700000.0,1165.6666666666667,1.0
123,133,0.10092902183438375,579555495.7734411,1.0,579555495.7734411,1,329555495.7734411,1.0,-300000.0,1,0.83125,1,0.0,0.0,0.0,0,1.0,0,579555495.7734411,1,579555495.7734411,1,579555495.7734411,1,250300000.0,1,0.0,0,329255495.7734411,1,,1.0,0.16874999999999996,1.0,329255495.7734411,1097.5183192448035,1.0
123,134,0.10092902183438375,519615242.2706632,1.0,519615242.2706632,1,269615242.2706632,1.0,-300000.0,1,0.8375,1,0.0,0.0,0.0,0,1.0,0,519615242.2706632,1,519615242.2706632,1,519615242.2706632,1,250300000.0,1,0.0,0,269315242.2706632,1,,1.0,0.16249999999999998,1.0,269315242.2706632,897.717474235544,1.0
123,135,0.10092902183438375,424264068.7119286,1.0,424264068.7119286,1,174264068.7119286,1.0,-300000.0,1,0.84375,1,0.0,0.0,0.0,0,1.0,0,424264068.7119286,1,424264068.7119286,1,424264068.7119286,1,250300000.0,1,0.0,0,173964068.7119286,1,,1.0,0.15625,1.0,173964068.7119286,579.8802290397621,1.0
123,136,0.10092902183438375,299999999.99999994,1.0,299999999.99999994,1,49999999.99999994,1.0,-300000.0,1,0.85,1,0.0,0.0,0.0,0,1.0,0,299999999.99999994,1,299999999.99999994,1,299999999.99999994,1,250300000.0,1,0.0,0,49699999.99999994,1,,1.0,0.15000000000000002,1.0,49699999.99999994,165.66666666666646,1.0
123,137,0.10092902183438375,155291427.06151262,0.0,0.0,1,250000000.0,2.0,300000.0,1,0.84375,1,249700000.0,0.0,0.0,0,1.0,0,155291427.06151262,1,0.0,0,300000.0,1,250000000.0,1,0.0,0,-249700000.0,0,,1.0,703.1249999999999,1.0,-94708572.93848738,-315.6952431282913,-1.0
123,138,0.10092902183438375,7.347880794884119e-08,0.0,0.0,1,250000000.0,2.0,300000.0,1,0.8375,1,249700000.0,0.0,0.0,0,1.0,0,7.347880794884119e-08,0,0.0,0,300000.0,1,250000000.0,1,0.0,0,-249700000.0,0,,1.0,697.9166666666667,1.0,-249999999.99999994,-833.3333333333331,-1.0
123,139,0.10092902183438375,0.0,0.0,0.0,0,250000000.0,2.0,300000.0,1,0.83125,1,249700000.0,0.0,0.0,0,1.0,0,0.0,0,0.0,0,300000.0,1,250000000.0,1,0.0,0,-249700000.0,0,,1.0,692.7083333333334,1.0,-250000000.0,-833.3333333333334,-1.0
123,140,0.10092902183438375,0.0,0.0,0.0,0,0.0,1.0,0.0,1,0.83125,1,250000000.0,0.0,0.0,0,1.0,0,0.0,0,0.0,0,0.0,0,250000000.0,1,0.0,0,-250000000.0,0,,1.0,-1.0,1.0,-250000000.0,-833.3333333333334,-1.0
123,141,0.10092902183438375,0.0,0.0,0.0,0,250000000.0,2.0,300000.0,1,0.825,1,249700000.0,1.0,300000.0,1,1.0,0,0.0,0,0.0,0,600000.0,1,250000000.0,1,300000.0,1,-249400000.0,0,,1.0,687.5,-1.0,-250000000.0,-833.3333333333334,-1.0
123,142,0.10092902183438375,0.0,0.0,0.0,0,250000000.0,2.0,300000.0,1,0.81875,1,249700000.0,1.0,300000.0,1,1.0,0,0.0,0,0.0,0,600000.0,1,250000000.0,1,300000.0,1,-249400000.0,0,,1.0,682.2916666666666,-1.0,-250000000.0,-833.3333333333334,-1.0
123,143,0.10092902183438375,0.0,0.0,0.0,0,250000000.0,2.0,300000.0,1,0.8125,1,249700000.0,0.0,0.0,0,1.0,0,0.0,0,0.0,0,300000.0,1,250000000.0,1,0.0,0,-249700000.0,0,,1.0,677.0833333333334,1.0,-250000000.0,-833.3333333333334,-1.0
123,144,0.10092902183438375,0.0,0.0,0.0,0,250000000.0,2.0,300000.0,1,0.80625,1,249700000.0,0.0,0.0,0,1.0,0,0.0,0,0.0,0,300000.0,1,250000000.0,1,0.0,0,-249700000.0,0,,1.0,671.875,1.0,-250000000.0,-833.3333333333334,-1.0
123,145,0.10092902183438375,0.0,0.0,0.0,0,250000000.0,2.0,300000.0,1,0.8,1,249700000.0,0.0,0.0,0,1.0,0,0.0,0,0.0,0,300000.0,1,250000000.0,1,0.0,0,-249700000.0,0,,1.0,666.6666666666667,1.0,-250000000.0,-833.3333333333334,-1.0
123,146,0.10092902183438375,0.0,0.0,0.0,0,250000000.0,2.0,300000.0,1,0.79375,1,249700000.0,0.0,0.0,0,1.0,0,0.0,0,0.0,0,300000.0,1,250000000.0,1,0.0,0,-249700000.0,0,,1.0,661.4583333333334,1.0,-250000000.0,-833.3333333333334,-1.0
123,147,0.10092902183438375,0.0,0.0,0.0,0,250000000.0,2.0,300000.0,1,0.7875,1,249700000.0,0.0,0.0,0,1.0,0,0.0,0,0.0,0,300000.0,1,250000000.0,1,0.0,0,-249700000.0,0,,1.0,656.25,1.0,-250000000.0,-833.3333333333334,-1.0
123,148,0.10092902183438375,0.0,0.0,0.0,0,250000000.0,2.0,300000.0,1,0.78125,1,249700000.0,0.0,0.0,0,1.0,0,0.0,0,0.0,0,300000.0,1,250000000.0,1,0.0,0,-249700000.0,0,,1.0,651.0416666666667,1.0,-250000000.0,-833.3333333333334,-1.0
123,149,0.10092902183438375,0.0,0.0,0.0,0,250000000.0,2.0,300000.0,1,0.775,1,249700000.0,0.0,0.0,0,1.0,0,0.0,0,0.0,0,300000.0,1,250000000.0,1,0.0,0,-249700000.0,0,,1.0,645.8333333333334,1.0,-250000000.0,-833.3333333333334,-1.0
123,150,0.10092902183438375,0.0,1.0,0.0,0,250000000.0,2.0,300000.0,1,0.76875,1,249700000.0,0.0,0.0,0,1.0,0,0.0,0,0.0,0,300000.0,1,250000000.0,1,0.0,0,-249700000.0,0,,-1.0,242.69071815487433,1.0,-250000000.0,-833.3333333333334,-1.0
123,151,0.10092902183438375,155291427.06151247,0.0,0.0,1,250000000.0,2.0,300000.0,1,0.7625,1,249700000.0,0.0,0.0,0,1.0,0,155291427.06151247,1,0.0,0,300000.0,1,250000000.0,1,0.0,0,-249700000.0,0,,1.0,127.08333333333317,1.0,-94708572.93848753,-315.6952431282918,-1.0
123,152,0.10092902183438375,299999999.99999994,0.0,0.0,1,0.0,1.0,0.0,1,0.7625,1,250000000.0,0.0,0.0,0,1.0,0,299999999.99999994,1,0.0,0,0.0,0,250000000.0,1,0.0,0,-250000000.0,0,,-1.0,0.23750000000000004,1.0,49999999.99999994,166.66666666666646,1.0
123,153,0.10092902183438375,424264068.7119285,1.0,424264068.7119285,1,174264068.7119285,1.0,-300000.0,1,0.76875,1,0.0,0.0,0.0,0,1.0,0,424264068.7119285,1,424264068.7119285,1,424264068.7119285,1,250300000.0,1,0.0,0,173964068.7119285,1,,1.0,0.23124999999999996,1.0,173964068.7119285,579.8802290397616,1.0
123,154,0.10092902183438375,519615242.2706631,1.0,519615242.2706631,1,269615242.2706631,1.0,-300000.0,1,0.775,1,0.0,1.0,0.0,0,1.0,0,519615242.2706631,1,519615242.2706631,1,519615242.2706631,1,250300000.0,1,0.0,0,269315242.2706631,1,,1.0,0.22499999999999998,-1.0,269315242.2706631,897.7174742355436,1.0
123,155,0.10092902183438375,579555495.7734411,1.0,579555495.7734411,1,329555495.7734411,1.0,-300000.0,1,0.78125,1,0.0,0.0,0.0,0,1.0,0,579555495.7734411,1,579555495.7734411,1,579555495.7734411,1,250300000.0,1,0.0,0,329255495.7734411,1,,1.0,0.21875,1.0,329255495.7734411,1097.5183192448035,1.0
123,156,0.10092902183438375,600000000.0,1.0,600000000.0,1,350000000.0,1.0,-300000.0,1,0.7875,1,0.0,0.0,0.0,0,1.0,0,600000000.0,1,600000000.0,1,600000000.0,1,250300000.0,1,0.0,0,349700000.0,1,,1.0,0.21250000000000002,1.0,349700000.0,1165.6666666666667,1.0
123,157,0.10092902183438375,579555495.7734411,1.0,579555495.7734411,1,329555495.7734411,1.0,-300000.0,1,0.79375,1,0.0,0.0,0.0,0,1.0,0,579555495.7734411,1,579555495.7734411,1,579555495.7734411,1,250300000.0,1,0.0,0,329255495.7734411,1,,1.0,0.20625000000000004,1.0,329255495.7734411,1097.5183192448035,1.0
123,158,0.10092902183438375,519615242.2706632,1.0,519615242.2706632,1,269615242.2706632,1.0,-300000.0,1,0.8,1,0.0,0.0,0.0,0,1.0,0,519615242.2706632,1,519615242.2706632,1,519615242.2706632,1,250300000.0,1,0.0,0,269315242.2706632,1,,1.0,0.19999999999999996,1.0,269315242.2706632,897.717474235544,1.0
123,159,0.10092902183438375,424264068.7119286,1.0,424264068.7119286,1,174264068.7119286,1.0,-300000.0,1,0.80625,1,0.0,0.0,0.0,0,1.0,0,424264068.7119286,1,424264068.7119286,1,424264068.7119286,1,250300000.0,1,0.0,0,173964068.7119286,1,,1.0,0.19374999999999998,1.0,173964068.7119286,579.8802290397621,1.0
123,160,0.10092902183438375,299999999.99999994,1.0,299999999.99999994,1,49999999.99999994,1.0,-300000.0,1,0.8125,1,0.0,0.0,0.0,0,1.0,0,299999999.99999994,1,299999999.99999994,1,299999999.99999994,1,250300000.0,1,0.0,0,49699999.99999994,1,,1.0,0.1875,1.0,49699999.99999994,165.66666666666646,1.0
123,161,0.10092902183438375,155291427.06151262,0.0,0.0,1,250000000.0,2.0,300000.0,1,0.80625,1,249700000.0,0.0,0.0,0,1.0,0,155291427.06151262,1,0.0,0,300000.0,1,250000000.0,1,0.0,0,-249700000.0,0,,1.0,671.8749999999999,1.0,-94708572.93848738,-315.6952431282913,-1.0
123,162,0.10092902183438375,7.347880794884119e-08,0.0,0.0,1,250000000.0,2.0,300000.0,1,0.8,1,249700000.0,0.0,0.0,0,1.0,0,7.347880794884119e-08,0,0.0,0,300000.0,1,250000000.0,1,0.0,0,-249700000.0,0,,1.0,666.6666666666667,1.0,-249999999.99999994,-833.3333333333331,-1.0
123,163,0.10092902183438375,0.0,0.0,0.0,0,250000000.0,2.0,300000.0,1,0.79375,1,249700000.0,0.0,0.0,0,1.0,0,0.0,0,0.0,0,300000.0,1,250000000.0,1,0.0,0,-249700000.0,0,,1.0,661.4583333333334,1.0,-250000000.0,-833.3333333333334,-1.0
123,164,0.10092902183438375,0.0,0.0,0.0,0,250000000.0,2.0,300000.0,1,0.7875,1,249700000.0,0.0,0.0,0,1.0,0,0.0,0,0.0,0,300000.0,1,250000000.0,1,0.0,0,-249700000.0,0,,1.0,656.25,1.0,-250000000.0,-833.3333333333334,-1.0
123,165,0.10092902183438375,0.0,0.0,0.0,0,250000000.0,2.0,300000.0,1,0.78125,1,249700000.0,0.0,0.0,0,1.0,0,0.0,0,0.0,0,300000.0,1,250000000.0,1,0.0,0,-249700000.0,0,,1.0,651.0416666666667,1.0,-250000000.0,-833.3333333333334,-1.0
123,166,0.10092902183438375,0.0,0.0,0.0,0,250000000.0,2.0,300000.0,1,0.775,1,249700000.0,0.0,0.0,0,1.0,0,0.0,0,0.0,0,300000.0,1,250000000.0,1,0.0,0,-249700000.0,0,,1.0,645.8333333333334,1.0,-250000000.0,-833.3333333333334,-1.0
123,167,0.10092902183438375,0.0,0.0,0.0,0,250000000.0,2.0,300000.0,1,0.76875,1,249700000.0,0.0,0.0,0,1.0,0,0.0,0,0.0,0,300000.0,1,250000000.0,1,0.0,0,-249700000.0,0,,1.0,640.6250000000001,1.0,-250000000.0,-833.3333333333334,-1.0
123,168,0.10092902183438375,0.0,0.0,0.0,0,250000000.0,2.0,300000.0,1,0.7625,1,249700000.0,0.0,0.0,0,1.5,0,0.0,0,0.0,0,300000.0,1,250000000.0,1,0.0,0,-249700000.0,0,,1.0,635.4166666666666,1.0,-250000000.0,-833.3333333333334,-1.0
123,169,0.10092902183438375,0.0,0.0,0.0,0,250000000.0,2.0,300000.0,1,0.75625,1,249700000.0,0.0,0.0,0,1.5,0,0.0,0,0.0,0,300000.0,1,250000000.0,1,0.0,0,-249700000.0,0,,1.0,630.2083333333334,1.0,-250000000.0,-833.3333333333334,-1.0
123,170,0.10092902183438375,0.0,0.0,0.0,0,250000000.0,2.0,300000.0,1,0.75,1,249700000.0,0.0,0.0,0,1.5,0,0.0,0,0.0,0,300000.0,1,250000000.0,1,0.0,0,-249700000.0,0,,1.0,625.0,1.0,-250000000.0,-833.3333333333334,-1.0
123,171,0.10092902183438375,0.0,0.0,0.0,0,250000000.0,2.0,300000.0,1,0.74375,1,249700000.0,1.0,300000.0,1,1.5,0,0.0,0,0.0,0,600000.0,1,250000000.0,1,300000.0,1,-249400000.0,0,,1.0,619.7916666666667,-1.0,-250000000.0,-833.3333333333334,-1.0
123,172,0.10092902183438375,0.0,0.0,0.0,0,250000000.0,2.0,300000.0,1,0.7375,1,249700000.0,0.0,0.0,0,1.5,0,0.0,0,0.0,0,300000.0,1,250000000.0,1,0.0,0,-249700000.0,0,,1.0,614.5833333333334,1.0,-250000000.0,-833.3333333333334,-1.0
123,173,0.10092902183438375,0.0,1.0,0.0,0,250000000.0,2.0,300000.0,1,0.73125,1,249700000.0,0.0,0.0,0,1.5,0,0.0,0,0.0,0,300000.0,1,250000000.0,1,0.0,0,-249700000.0,0,,-1.0,609.375,1.0,-250000000.0,-833.3333333333334,-1.0
123,174,0.10092902183438375,0.0,0.0,0.0,0,250000000.0,2.0,300000.0,1,0.725,1,249700000.0,0.0,0.0,0,1.5,0,0.0,0,0.0,0,300000.0,1,250000000.0,1,0.0,0,-249700000.0,0,,1.0,228.87905126801155,1.0,-250000000.0,-833.3333333333334,-1.0
123,175,0.10092902183438375,155291427.06151247,0.0,0.0,1,250000000.0,2.0,300000.0,1,0.71875,1,249700000.0,0.0,0.0,0,1.5,0,155291427.06151247,1,0.0,0,300000.0,1,250000000.0,1,0.0,0,-249700000.0,0,,1.0,119.79166666666652,1.0,-94708572.93848753,-315.6952431282918,-1.0
123,176,0.10092902183438375,299999999.99999994,1.0,299999999.99999994,1,49999999.99999994,1.0,-300000.0,1,0.725,1,0.0,0.0,0.0,0,1.5,0,299999999.99999994,1,299999999.99999994,1,299999999.99999994,1,250300000.0,1,0.0,0,49699999.99999994,1,,1.0,0.275,1.0,49699999.99999994,165.66666666666646,1.0
123,177,0.10092902183438375,424264068.7119285,1.0,424264068.7119285,1,174264068.7119285,1.0,-300000.0,1,0.73125,1,0.0,0.0,0.0,0,1.5,0,424264068.7119285,1,424264068.7119285,1,424264068.7119285,1,250300000.0,1,0.0,0,173964068.7119285,1,,1.0,0.26875000000000004,1.0,173964068.7119285,579.8802290397616,1.0
123,178,0.10092902183438375,519615242.2706631,1.0,519615242.2706631,1,269615242.2706631,1.0,-300000.0,1,0.7375,1,0.0,0.0,0.0,0,1.5,0,519615242.2706631,1,519615242.2706631,1,519615242.2706631,1,250300000.0,1,0.0,0,269315242.2706631,1,,1.0,0.26249999999999996,1.0,269315242.2706631,897.7174742355436,1.0
123,179,0.10092902183438375,579555495.7734411,0.0,0.0,1,0.0,1.0,0.0,1,0.7375,1,250000000.0,0.0,0.0,0,1.5,0,579555495.7734411,1,0.0,0,0.0,0,250000000.0,1,0.0,0,-250000000.0,0,,-1.0,0.26249999999999996,1.0,329555495.7734411,1098.5183192448035,1.0
123,180,0.10092902183438375,600000000.0,1.0,600000000.0,1,350000000.0,1.0,-300000.0,1,0.74375,1,0.0,1.0,0.0,0,2.0,0,600000000.0,1,600000000.0,1,600000000.0,1,250300000.0,1,0.0,0,349700000.0,1,,1.0,0.25625,-1.0,349700000.0,1165.6666666666667,1.0
123,181,0.10092902183438375,579555495.7734411,1.0,579555495.7734411,1,329555495.7734411,1.0,-300000.0,1,0.75,1,0.0,0.0,0.0,0,2.0,0,579555495.7734411,1,579555495.7734411,1,579555495.7734411,1,250300000.0,1,0.0,0,329255495.7734411,1,,1.0,0.25,1.0,329255495.7734411,1097.5183192448035,1.0
123,182,0.10092902183438375,519615242.2706632,1.0,519615242.2706632,1,269615242.2706632,1.0,-300000.0,1,0.75625,1,0.0,0.0,0.0,0,2.0,0,519615242.2706632,1,519615242.2706632,1,519615242.2706632,1,250300000.0,1,0.0,0,269315242.2706632,1,,1.0,0.24375000000000002,1.0,269315242.2706632,897.717474235544,1.0
123,183,0.10092902183438375,424264068.7119286,1.0,424264068.7119286,1,174264068.7119286,1.0,-300000.0,1,0.7625,1,0.0,0.0,0.0,0,2.0,0,424264068.7119286,1,424264068.7119286,1,424264068.7119286,1,250300000.0,1,0.0,0,173964068.7119286,1,,1.0,0.23750000000000004,1.0,173964068.7119286,579.8802290397621,1.0
123,184,0.10092902183438375,299999999.99999994,1.0,299999999.99999994,1,49999999.99999994,1.0,-300000.0,1,0.76875,1,0.0,1.0,0.0,0,2.0,0,299999999.99999994,1,299999999.99999994,1,299999999.99999994,1,250300000.0,1,0.0,0,49699999.99999994,1,,1.0,0.23124999999999996,-1.0,49699999.99999994,165.66666666666646,1.0
123,185,0.10092902183438375,155291427.06151262,0.0,0.0,1,250000000.0,2.0,300000.0,1,0.7625,1,249700000.0,0.0,0.0,0,2.0,0,155291427.06151262,1,0.0,0,300000.0,1,250000000.0,1,0.0,0,-249700000.0,0,,1.0,635.4166666666665,1.0,-94708572.93848738,-315.6952431282913,-1.0
123,186,0.10092902183438375,7.347880794884119e-08,0.0,0.0,1,250000000.0,2.0,300000.0,1,0.75625,1,249700000.0,0.0,0.0,0,2.0,0,7.347880794884119e-08,0,0.0,0,300000.0,1,250000000.0,1,0.0,0,-249700000.0,0,,1.0,630.2083333333334,1.0,-249999999.99999994,-833.3333333333331,-1.0
123,187,0.10092902183438375,0.0,0.0,0.0,0,250000000.0,2.0,300000.0,1,0.75,1,249700000.0,0.0,0.0,0,2.0,0,0.0,0,0.0,0,300000.0,1,250000000.0,1,0.0,0,-249700000.0,0,,1.0,625.0,1.0,-250000000.0,-833.3333333333334,-1.0
123,188,0.10092902183438375,0.0,0.0,0.0,0,250000000.0,2.0,300000.0,1,0.74375,1,249700000.0,0.0,0.0,0,2.0,0,0.0,0,0.0,0,300000.0,1,250000000.0,1,0.0,0,-249700000.0,0,,1.0,619.7916666666667,1.0,-250000000.0,-833.3333333333334,-1.0
123,189,0.10092902183438375,0.0,0.0,0.0,0,250000000.0,2.0,300000.0,1,0.7375,1,249700000.0,0.0,0.0,0,2.0,0,0.0,0,0.0,0,300000.0,1,250000000.0,1,0.0,0,-249700000.0,0,,1.0,614.5833333333334,1.0,-250000000.0,-833.3333333333334,-1.0
123,190,0.10092902183438375,0.0,0.0,0.0,0,250000000.0,2.0,300000.0,1,0.73125,1,249700000.0,0.0,0.0,0,2.0,0,0.0,0,0.0,0,300000.0,1,250000000.0,1,0.0,0,-249700000.0,0,,1.0,609.375,1.0,-250000000.0,-833.3333333333334,-1.0
123,191,0.10092902183438375,0.0,0.0,0.0,0,250000000.0,2.0,300000.0,1,0.725,1,249700000.0,0.0,0.0,0,2.0,0,0.0,0,0.0,0,300000.0,1,250000000.0,1,0.0,0,-249700000.0,0,,1.0,604.1666666666666,1.0,-250000000.0,-833.3333333333334,-1.0
123,192,0.10092902183438375,0.0,0.0,0.0,0,250000000.0,2.0,300000.0,1,0.71875,1,249700000.0,0.0,0.0,0,2.0,0,0.0,0,0.0,0,300000.0,1,250000000.0,1,0.0,0,-249700000.0,0,,1.0,598.9583333333334,1.0,-250000000.0,-833.3333333333334,-1.0
123,193,0.10092902183438375,0.0,0.0,0.0,0,250000000.0,2.0,300000.0,1,0.7125,1,249700000.0,0.0,0.0,0,2.0,0,0.0,0,0.0,0,300000.0,1,250000000.0,1,0.0,0,-249700000.0,0,,1.0,593.75,1.0,-250000000.0,-833.3333333333334,-1.0
123,194,0.10092902183438375,0.0,0.0,0.0,0,250000000.0,2.0,300000.0,1,0.70625,1,249700000.0,0.0,0.0,0,2.0,0,0.0,0,0.0,0,300000.0,1,250000000.0,1,0.0,0,-249700000.0,0,,1.0,588.5416666666667,1.0,-250000000.0,-833.3333333333334,-1.0
123,195,0.10092902183438375,0.0,0.0,0.0,0,250000000.0,2.0,300000.0,1,0.7,1,249700000.0,0.0,0.0,0,2.0,0,0.0,0,0.0,0,300000.0,1,250000000.0,1,0.0,0,-249700000.0,0,,1.0,583.3333333333334,1.0,-250000000.0,-833.3333333333334,-1.0
123,196,0.10092902183438375,0.0,1.0,0.0,0,250000000.0,2.0,300000.0,1,0.69375,1,249700000.0,0.0,0.0,0,2.0,0,0.0,0,0.0,0,300000.0,1,250000000.0,1,0.0,0,-249700000.0,0,,-1.0,578.125,1.0,-250000000.0,-833.3333333333334,-1.0
123,197,0.10092902183438375,0.0,0.0,0.0,0,250000000.0,2.0,300000.0,1,0.6875,1,249700000.0,0.0,0.0,0,2.0,0,0.0,0,0.0,0,300000.0,1,250000000.0,1,0.0,0,-249700000.0,0,,1.0,572.9166666666667,1.0,-250000000.0,-833.3333333333334,-1.0
123,198,0.10092902183438375,0.0,0.0,0.0,0,0.0,0.0,0.0,1,0.6875,1,250000000.0,0.0,0.0,0,2.0,0,0.0,0,0.0,0,0.0,0,250000000.0,1,0.0,0,-250000000.0,0,,1.0,-1.0,-1.0,-250000000.0,-833.3333333333334,-1.0
123,199,0.10092902183438375,155291427.06151247,0.0,0.0,1,250000000.0,2.0,300000.0,1,0.68125,1,249700000.0,0.0,0.0,0,2.0,0,155291427.06151247,1,0.0,0,300000.0,1,250000000.0,1,0.0,0,-249700000.0,0,,1.0,113.54166666666653,1.0,-94708572.93848753,-315.6952431282918,-1.0
123,200,0.10092902183438375,299999999.99999994,1.0,299999999.99999994,1,49999999.99999994,1.0,-300000.0,1,0.6875,1,0.0,0.0,0.0,0,2.0,0,299999999.99999994,1,299999999.99999994,1,299999999.99999994,1,250300000.0,1,0.0,0,49699999.99999994,1,,1.0,0.3125,1.0,49699999.99999994,165.66666666666646,1.0
123,201,0.10092902183438375,424264068.7119285,1.0,424264068.7119285,1,174264068.7119285,1.0,-300000.0,1,0.69375,1,0.0,0.0,0.0,0,2.0,0,424264068.7119285,1,424264068.7119285,1,424264068.7119285,1,250300000.0,1,0.0,0,173964068.7119285,1,,1.0,0.30625,1.0,173964068.7119285,579.8802290397616,1.0
123,202,0.10092902183438375,519615242.2706631,1.0,519615242.2706631,1,269615242.2706631,1.0,-300000.0,1,0.7,1,0.0,0.0,0.0,0,2.0,0,519615242.2706631,1,519615242.2706631,1,519615242.2706631,1,250300000.0,1,0.0,0,269315242.2706631,1,,1.0,0.30000000000000004,1.0,269315242.2706631,897.7174742355436,1.0
123,203,0.10092902183438375,579555495.7734411,1.0,579555495.7734411,1,329555495.7734411,1.0,-300000.0,1,0.70625,1,0.0,1.0,0.0,0,2.0,0,579555495.7734411,1,579555495.7734411,1,579555495.7734411,1,250300000.0,1,0.0,0,329255495.7734411,1,,1.0,0.29374999999999996,-1.0,329255495.7734411,1097.5183192448035,1.0
123,204,0.10092902183438375,600000000.0,1.0,600000000.0,1,350000000.0,1.0,-300000.0,1,0.7125,1,0.0,0.0,0.0,0,2.0,0,600000000.0,1,600000000.0,1,600000000.0,1,250300000.0,1,0.0,0,349700000.0,1,,1.0,0.2875,1.0,349700000.0,1165.6666666666667,1.0
123,205,0.10092902183438375,579555495.7734411,1.0,579555495.7734411,1,329555495.7734411,1.0,-300000.0,1,0.71875,1,0.0,0.0,0.0,0,2.0,0,579555495.7734411,1,579555495.7734411,1,579555495.7734411,1,250300000.0,1,0.0,0,329255495.7734411,1,,1.0,0.28125,1.0,329255495.7734411,1097.5183192448035,1.0
123,206,0.10092902183438375,519615242.2706632,1.0,519615242.2706632,1,269615242.2706632,1.0,-300000.0,1,0.725,1,0.0,0.0,0.0,0,2.0,0,519615242.2706632,1,519615242.2706632,1,519615242.2706632,1,250300000.0,1,0.0,0,269315242.2706632,1,,1.0,0.275,1.0,269315242.2706632,897.717474235544,1.0
123,207,0.10092902183438375,424264068.7119286,1.0,424264068.7119286,1,174264068.7119286,1.0,-300000.0,1,0.73125,1,0.0,0.0,0.0,0,2.0,0,424264068.7119286,1,424264068.7119286,1,424264068.7119286,1,250300000.0,1,0.0,0,173964068.7119286,1,,1.0,0.26875000000000004,1.0,173964068.7119286,579.8802290397621,1.0
123,208,0.10092902183438375,299999999.99999994,1.0,299999999.99999994,1,49999999.99999994,1.0,-300000.0,1,0.7375,1,0.0,0.0,0.0,0,2.0,0,299999999.99999994,1,299999999.99999994,1,299999999.99999994,1,250300000.0,1,0.0,0,49699999.99999994,1,,1.0,0.26249999999999996,1.0,49699999.99999994,165.66666666666646,1.0
123,209,0.10092902183438375,155291427.06151262,0.0,0.0,1,250000000.0,2.0,300000.0,1,0.73125,1,249700000.0,0.0,0.0,0,2.0,0,155291427.06151262,1,0.0,0,300000.0,1,250000000.0,1,0.0,0,-249700000.0,0,,1.0,609.3749999999998,1.0,-94708572.93848738,-315.6952431282913,-1.0
123,210,0.10092902183438375,7.347880794884119e-08,1.0,7.347880794884119e-08,1,249999999.99999994,2.0,300000.0,1,0.725,1,249699999.99999994,0.0,0.0,0,2.0,0,7.347880794884119e-08,0,7.347880794884119e-08,0,300000.00000007346,1,250000000.0,1,0.0,0,-249699999.99999994,0,,-1.0,604.1666666666666,1.0,-249999999.99999994,-833.3333333333331,-1.0
123,211,0.10092902183438375,0.0,0.0,0.0,0,250000000.0,2.0,300000.0,1,0.71875,1,249700000.0,0.0,0.0,0,2.0,0,0.0,0,0.0,0,300000.0,1,250000000.0,1,0.0,0,-249700000.0,0,,1.0,598.9583333333334,1.0,-250000000.0,-833.3333333333334,-1.0
123,212,0.10092902183438375,0.0,0.0,0.0,0,250000000.0,2.0,300000.0,1,0.7125,1,249700000.0,0.0,0.0,0,2.0,0,0.0,0,0.0,0,300000.0,1,250000000.0,1,0.0,0,-249700000.0,0,,1.0,593.75,1.0,-250000000.0,-833.3333333333334,-1.0
123,213,0.10092902183438375,0.0,0.0,0.0,0,250000000.0,2.0,300000.0,1,0.70625,1,249700000.0,0.0,0.0,0,2.0,0,0.0,0,0.0,0,300000.0,1,250000000.0,1,0.0,0,-249700000.0,0,,1.0,588.5416666666667,1.0,-250000000.0,-833.3333333333334,-1.0
123,214,0.10092902183438375,0.0,0.0,0.0,0,0.0,0.0,0.0,1,0.70625,1,250000000.0,0.0,0.0,0,2.0,0,0.0,0,0.0,0,0.0,0,250000000.0,1,0.0,0,-250000000.0,0,,1.0,-1.0,-1.0,-250000000.0,-833.3333333333334,-1.0
123,215,0.10092902183438375,0.0,0.0,0.0,0,250000000.0,2.0,300000.0,1,0.7,1,249700000.0,0.0,0.0,0,2.0,0,0.0,0,0.0,0,300000.0,1,250000000.0,1,0.0,0,-249700000.0,0,,1.0,583.3333333333334,1.0,-250000000.0,-833.3333333333334,-1.0
123,216,0.10092902183438375,0.0,0.0,0.0,0,250000000.0,2.0,300000.0,1,0.69375,1,249700000.0,0.0,0.0,0,1.0,0,0.0,0,0.0,0,300000.0,1,250000000.0,1,0.0,0,-249700000.0,0,,1.0,578.125,1.0,-250000000.0,-833.3333333333334,-1.0
123,217,0.10092902183438375,0.0,0.0,0.0,0,250000000.0,2.0,300000.0,1,0.6875,1,249700000.0,0.0,0.0,0,1.0,0,0.0,0,0.0,0,300000.0,1,250000000.0,1,0.0,0,-249700000.0,0,,1.0,572.9166666666667,1.0,-250000000.0,-833.3333333333334,-1.0
123,218,0.10092902183438375,0.0,0.0,0.0,0,250000000.0,2.0,300000.0,1,0.68125,1,249700000.0,0.0,0.0,0,1.0,0,0.0,0,0.0,0,300000.0,1,250000000.0,1,0.0,0,-249700000.0,0,,1.0,567.7083333333334,1.0,-250000000.0,-833.3333333333334,-1.0
123,219,0.10092902183438375,0.0,0.0,0.0,0,250000000.0,2.0,300000.0,1,0.675,1,249700000.0,0.0,0.0,0,1.0,0,0.0,0,0.0,0,300000.0,1,250000000.0,1,0.0,0,-249700000.0,0,,1.0,562.5000000000001,1.0,-250000000.0,-833.3333333333334,-1.0
123,220,0.10092902183438375,0.0,0.0,0.0,0,250000000.0,2.0,300000.0,1,0.6687500000000001,1,249700000.0,0.0,0.0,0,1.0,0,0.0,0,0.0,0,300000.0,1,250000000.0,1,0.0,0,-249700000.0,0,,1.0,557.2916666666667,1.0,-250000000.0,-833.3333333333334,-1.0
123,221,0.10092902183438375,0.0,0.0,0.0,0,250000000.0,2.0,300000.0,1,0.6625000000000001,1,249700000.0,0.0,0.0,0,1.0,0,0.0,0,0.0,0,300000.0,1,250000000.0,1,0.0,0,-249700000.0,0,,1.0,552.0833333333335,1.0,-250000000.0,-833.3333333333334,-1.0
123,222,0.10092902183438375,0.0,0.0,0.0,0,250000000.0,2.0,300000.0,1,0.6562500000000001,1,249700000.0,0.0,0.0,0,1.0,0,0.0,0,0.0,0,300000.0,1,250000000.0,1,0.0,0,-249700000.0,0,,1.0,207.17500330294152,1.0,-250000000.0,-833.3333333333334,-1.0
123,223,0.10092902183438375,155291427.06151247,1.0,155291427.06151247,1,94708572.93848753,2.0,300000.0,1,0.65,1,94408572.93848753,0.0,0.0,0,1.0,0,155291427.06151247,1,155291427.06151247,1,155591427.06151247,1,250000000.0,1,0.0,0,-94408572.93848753,0,,-1.0,108.3333333333332,1.0,-94708572.93848753,-315.6952431282918,-1.0
123,224,0.10092902183438375,299999999.99999994,1.0,299999999.99999994,1,0.0,0.0,0.0,1,0.65,1,0.0,0.0,0.0,0,1.0,0,299999999.99999994,1,299999999.99999994,1,299999999.99999994,1,250000000.0,1,0.0,0,49999999.99999994,1,,1.0,-1.0,1.0,49999999.99999994,166.66666666666646,1.0
123,225,0.10092902183438375,424264068.7119285,1.0,424264068.7119285,1,174264068.7119285,1.0,-300000.0,1,0.65625,1,0.0,0.0,0.0,0,1.0,0,424264068.7119285,1,424264068.7119285,1,424264068.7119285,1,250300000.0,1,0.0,0,173964068.7119285,1,,1.0,0.34375,1.0,173964068.7119285,579.8802290397616,1.0
123,226,0.10092902183438375,519615242.2706631,1.0,519615242.2706631,1,269615242.2706631,1.0,-300000.0,1,0.6625,1,0.0,0.0,0.0,0,1.0,0,519615242.2706631,1,519615242.2706631,1,519615242.2706631,1,250300000.0,1,0.0,0,269315242.2706631,1,,1.0,0.3375,1.0,269315242.2706631,897.7174742355436,1.0
123,227,0.10092902183438375,579555495.7734411,1.0,579555495.7734411,1,329555495.7734411,1.0,-300000.0,1,0.66875,1,0.0,0.0,0.0,0,1.0,0,579555495.7734411,1,579555495.7734411,1,579555495.7734411,1,250300000.0,1,0.0,0,329255495.7734411,1,,1.0,0.33125000000000004,1.0,329255495.7734411,1097.5183192448035,1.0
123,228,0.10092902183438375,600000000.0,1.0,600000000.0,1,350000000.0,1.0,-300000.0,1,0.6749999999999999,1,0.0,0.0,0.0,0,1.0,0,600000000.0,1,600000000.0,1,600000000.0,1,250300000.0,1,0.0,0,349700000.0,1,,1.0,0.32500000000000007,1.0,349700000.0,1165.6666666666667,1.0
123,229,0.10092902183438375,579555495.7734411,1.0,579555495.7734411,1,329555495.7734411,1.0,-300000.0,1,0.6812499999999999,1,0.0,0.0,0.0,0,1.0,0,579555495.7734411,1,579555495.7734411,1,579555495.7734411,1,250300000.0,1,0.0,0,329255495.7734411,1,,1.0,0.3187500000000001,1.0,329255495.7734411,1097.5183192448035,1.0
123,230,0.10092902183438375,519615242.2706632,0.0,0.0,1,0.0,0.0,0.0,1,0.6812499999999999,1,250000000.0,0.0,0.0,0,1.0,0,519615242.2706632,1,0.0,0,0.0,0,250000000.0,1,0.0,0,-250000000.0,0,,-1.0,-1.0,1.0,269615242.2706632,898.717474235544,1.0
123,231,0.10092902183438375,424264068.7119286,0.0,0.0,1,0.0,1.0,0.0,1,0.6812499999999999,1,250000000.0,0.0,0.0,0,1.0,0,424264068.7119286,1,0.0,0,0.0,0,250000000.0,1,0.0,0,-250000000.0,0,,-1.0,0.3187500000000001,1.0,174264068.7119286,580.8802290397621,1.0
123,232,0.10092902183438375,299999999.99999994,1.0,299999999.99999994,1,49999999.99999994,1.0,-300000.0,1,0.6874999999999999,1,0.0,0.0,0.0,0,1.0,0,299999999.99999994,1,299999999.99999994,1,299999999.99999994,1,250300000.0,1,0.0,0,49699999.99999994,1,,1.0,0.3125000000000001,1.0,49699999.99999994,165.66666666666646,1.0
123,233,0.10092902183438375,155291427.06151262,0.0,0.0,1,250000000.0,2.0,300000.0,1,0.6812499999999999,1,249700000.0,0.0,0.0,0,1.0,0,155291427.06151262,1,0.0,0,300000.0,1,250000000.0,1,0.0,0,-249700000.0,0,,1.0,567.7083333333331,1.0,-94708572.93848738,-315.6952431282913,-1.0
123,234,0.10092902183438375,7.347880794884119e-08,0.0,0.0,1,250000000.0,2.0,300000.0,1,0.6749999999999999,1,249700000.0,0.0,0.0,0,1.0,0,7.347880794884119e-08,0,0.0,0,300000.0,1,250000000.0,1,0.0,0,-249700000.0,0,,1.0,562.5,1.0,-249999999.99999994,-833.3333333333331,-1.0
123,235,0.10092902183438375,0.0,0.0,0.0,0,250000000.0,2.0,300000.0,1,0.66875,1,249700000.0,0.0,0.0,0,1.0,0,0.0,0,0.0,0,300000.0,1,250000000.0,1,0.0,0,-249700000.0,0,,1.0,557.2916666666666,1.0,-250000000.0,-833.3333333333334,-1.0
123,236,0.10092902183438375,0.0,0.0,0.0,0,250000000.0,2.0,300000.0,1,0.6625,1,249700000.0,0.0,0.0,0,1.0,0,0.0,0,0.0,0,300000.0,1,250000000.0,1,0.0,0,-249700000.0,0,,1.0,552.0833333333334,1.0,-250000000.0,-833.3333333333334,-1.0
123,237,0.10092902183438375,0.0,0.0,0.0,0,250000000.0,2.0,300000.0,1,0.65625,1,249700000.0,0.0,0.0,0,1.0,0,0.0,0,0.0,0,300000.0,1,250000000.0,1,0.0,0,-249700000.0,0,,1.0,546.875,1.0,-250000000.0,-833.3333333333334,-1.0
